00001110100011000000000000100000000001000000110010000010000101100000000000000000101110000000011011000
10000000000000000011000100000001000000100010001000010010110000000101010110000001100101000000100110000
00000000100000000100001001010010000000000000000010100000011100000010000000011100000000001101010000000
00001100101000011000100010100000000001001000001100010000000000000000010010111000000000110100001001000
10000010010100101001000001110000110000000000011000110010010110000000001100000000000011100000100000100
01000000010010000001010001100000110001101111101010000000000000101111010000100010000010110000010000101
01000000110110000000001000000000000000000111001110000001001000001100001000000100000010011000110000000
10000001001000000001000001000000010001110100000000000000000000001010100010001011000000001100110000000
00100000010010000000100100000000000010010000111000100010000000001110100000000011100000000100000000000
00000010010000010000011001011110110000100000000010000111000000000010000100010000000000000010001001010
11011001000010011010101000001000000100100110001000000010000000000010001000001000000111111000010001000
11000000000001000000001010010000110001000001000000100001010001000001100101001000000000000000000011010
01010101100000000000000000000000000001010000100000000001100101000000100101001100000000000010001000100
00000000000000010011010000000001000100001000100010000101000001000000010000001000001011000000011110100
01000010110000000111001110000010100001101000001000001000000000001101000110000101000000100010000000000
11000000000010010010000000001001001001100110000000001000000000000001001000101000110011010101001000000
00010100100000000110010000010000000100000000011100000001011000000000010001010100000000001000000001100
10000110001001100001000110000100000000010100000110000000101100000010000100000001000100100001100100001
00000100000000100000011100101000000010001000101001000101000100010000011001000010001000010000000010000
00000000100000011010010000000000010001000010000110000000000001000000000100001000110000010001000000000
00011010001000010001000100011100000000000001000001011000001001001001000000000110000000000101010000100
00001001001010000000000000000000100001100001010010010100000001000000001110100000001000010100101000010
01000101000000000000110000000000101001010000100000100010100010000000000000000100011000000010000001000
00000001101000001101110100000101000010000000010000101000001001000000010010010001001000011100010101110
00100000110101010100000100010011000001010100000110010010000010100001100000000000000000110000100000100
00000001111011000000101000100111010000000010000110100000000010000000001100001000000100010000100100000
10110000001000101000000010011000000001000100100100010100101000010100100110001001010000101001001000001
10010001101000100001010000000000110000010001101100100010000001000000000011010010000101000000000011010
00100001000100010001001000010010000010000000000101111100000000001000010001110010011101110011010101010
10000010000110111101001010111100100100111110000000100000000000000000001100001010100110010000000010001
00100100000010101110001000101010001000000001000110010000000110100011011000000101010101101000100000000
10000100000001010000100000010101000000000000001000000000010100000100000001000000000001100100010000110
00000100100010001000100001100000001010000000100100000010000000000100000010010000000000000000000001010
00000110110100000001001000000000011100000000000000000000001000000101000000100100000000010000000100001
01000000110000000000001101001010010001000001100000100001000110100010010000000000000000011000000000000
00000010001001010000001001000000000000000000000000000010001000001000000000000011101011000000000100011
10000000011001100000001100110101011011010000010000000000000000101000011000011010001001000000010000000
01000000100101100000001011111100001000000001000000000101010110100011000000000101000000001000000100000
00000001000001000001101001000000101000001000000110111010100001010000000100000010000000011000000000110
01000000000010010100000000100000000010100101100001100001110010001000000011000000000000000000110000000
00001001000000001100001000001000000110001110010000000000100010000000000011100000101011100011000010100
00001000001000010000001000000001000010000000100101001101100100000000000010100100010010000101000010110
00000000010000011001000000000000010000010000010000100100100000110000100011000100000001001100000001110
00001000000010010000110001010000000110000111011100000010000000100000100000000001000100001000000001010
00001000100000110001010111000001000010101001010111001101011001000100000000000001000001001010000000001
11000001000000000001110000010100010000000000000100000000000000000000100010000001001000100100000110000
11001000000000100111000011000001001000100100000111000000010000000001000101000100000000000000010110100
00000000000101011000000000010100010010000011001010000100100010011010001000000000010001110010001000101
00111001100001001000000000000100001000000001000101000110110101001011000001000101101010100000010000000
10100001011001000101000011100001000000000001000001001000100000001010101000010000100010000000000100000
00011000000000001110000000000001110010010010000000000101000110100000001000100111000001000000000000000
00010011000000000100101000000000000100000110000110000000111101001001100100000100000000000001000011000
00000001100000100000001101001000000100000110000010100010000111000000101000111010000000010000000001000
10000010001001000110010000000000101010001101101001000000000001100000000100000000000100101100000000000
00000000000111101000000101000111000011100100001100000101110100000010001001100010010001010000000000100
10000001000000111100001010000011000011010000011010010000000010000000000000010010000001100000100000000
00000010100110011000101101010000011100000010000001011000000100101011110000100101000010000000110001101
00100000010011001100100000100000001010001001001010110000100001101010011100001000000000000110100000000
00010000001000000000100000000000110011100001001000000000101001000100000000000000000000100110100000010
01000100000000000000000010011010010000100000000100000011111000000000000000000000000000000111011101010
11000000001000100100110100010100101000100000000000000110000000110000000000000101001011110000000110101
01001010000000010001011011010100001001100000000010010100010010000001011000110001100100010010001100010
10000100011010100001000000000000000010000010110000000000000001100000100000000001001100100010000111101
00001100110010010010000000000010100010011001011001000000011100010001100000000010010101000010011100010
00000001001000010000000000011000010001000010001010000001001000000000010000000000000000100000000000101
00011011001000000101000001000001100001111011000100000010001000100010001011000011000000011010010000001
00000010001001001000100001101001000000000011000000001010100000101010101000110111010000000010000000101
01000000100000001101010000001011010000010001000100000100001100010000000010000110000000100010000100000
01010000011001001000010000010000001000011000001000101110100100001000010000101001000000001011000000010
00000110001001001000000000010010000001000001100001100000000100000001111000010100100100000000010000000
00100000000000100000011001000000100000000010000101110001100000000000100001010010010100000001010100000
00000000000001010000001000001000000000010100011001111000000001011000111001000001000000001010010001010
01000010100110000000100000000000000000011011010000000100110011001011000010000000001010010010000101001
00001011000001000010000000000001100010000000000000110100010000000101000001100000000000110100100000011
00110000000000001000000000001010000101000100100110100001101000110011010101000000000010000100101100000
00100101010001000000101101010000010000011000000001000100000110101101000000000010100100001000000001001
00000000101001110100100100000001101100011000000100010000000000000000010010000000000000010001000101100
10010001000000000100001000000001000000000101011010000000010001000010010000000101000000110001000000000
00101000100011001000100010000000010011001100100000000000000000011000000100000100001101110010010000000
10000010101011000000000000100100001000100000001101100010000000011100000000000110010010101100100001001
00001000001001010111000001000101100101000010001010110100001001000000011101000000000000000010000011000
01000000010001000100000010000010100000011010000010010100100000000000100100100100101110000100000000100
01000000000001101100000011010000000100000000000000000001100000110000000000110000100000000000000100000
10010000011000000000010000000000000000000001101001011100011111000110000001001110000000000010001010000
00010100000010000110100100000000010000101011100000000000000000000100001010100110000001000100000000001
10010101000010001000001000010000000010100000010110001111000001101000000100101101000000000000100000000
00010001110010011010000000000000010000100000100010000100001000000000100110100000000000000000100000110
11000110100000010010000010001000000001000011100010000000000000010000000111000101000000000001111100101
10010011000001000101011000000101001000000000100101001000100000101001000000101001000000000011010000000
00010110000001100000001001100000001000000010000100001010000010000000001000111100000000010010011010000
00101100101000101010100000010001000000001000100100000100000100010100000010000000011000010000100011101
00100100110000110000010000110011000000111010000001011000100000001110000100000011000000100010001000000
00000000000010011000100000100000001000011000010000010010100000110000000000000001000000000000010001011
00101011101000000110100000100001010000000000000001011001000110000000000000010000000000000001001000100
10010011011000000110001100000010101000000010000000100001000000000100101000000000001100100010010101000
00001000011000010000000000000000100100000000001011101001000001000100100111010000010000000000001101000
10000000000101100000010001100101000000001000011000000010000010000000000000010000000010000000010010001
10010100000100000000110010000001100001110010001001011100000100100100001100000010001000000000000100000
00010010000000000100000000000000000000000010101100000000000011110000000110000001000001000001010001001
00100001010111000000011000100000010000010111010100001000001011001011100000000100011000110010010100000
00110000100000000000000000000000000110110000000101011000000000000010001000100001001001100010000100000
