00000000000010011100100000111001001100001000000100000100100010001101000000000111010000000101010000100
11100100100000011010000000000000000000010000010001000000110101001000001000000000001101010001100011010
00010100010000000000000000000001000000011011000001100000000010000000000000100010000000001011000000011
00000000001110011000010010011110001001000000001011000000101010001000000001000000010000001101000000001
01000000000000001111001111100000001001011010000000000010000000011010000001010100000000000010100101000
00000000010010000001010000100000000010000110000000001001000001001101010100010000010010001000000010000
00000000000000000001000000000100100100100001000000010000011000000001010000101000010110010000000000010
00000101010000100000100011001010010100000101100000000110000001000000010001000000010111000010010010110
00010010000000011000000000000000000100100100001001000100010000000001000100000100010010010111000001100
00000001000000100010000000010101000100011011101011010010011001101100000000001001001110000100000010001
01011010100010000100000011000010000100000101000000110000000000110001010001010010000000000000001000000
00100000001010110110010100010100100101100000000001000000000111000100011000010000000100011100101000100
00010100010000000010001101000000000000110000000011000000001000100100000010110001000101000000000100010
00000010000000100000100100100000100000001100000000000001100000010100000111000010010000000100001010010
01000100010100001000001110100010010010100010010000100101010000100001000001010100000100011000010000000
00000001010000000000010010001010000000000100100100101000000100010100000000010000001100111001000010100
00001010011000000000000100000000000000000000000110001001000001000010000010010100000000000100010000011
00001000000100001000010011000100000011000100000010000010010101000000000000001000001000000000100000001
00000011001101100001010000000001000000000100010001100001101000001000011000000000000001001000000001000
11010110100100001010000010110010101001000100010000011000000000100000000000000000100000010000100010100
00000000010000101000001010000100000011100000000000100000000010000000001100000100000000000011100000001
00000101010100000001000000000000101000000000000000001001101100001010000000011101001001100000000110100
00001100000000100000100000110000010100011100001000100010010110000111100000000010100000001100001011000
00010010000000101100000010110011010010000100000001000000010000000010000000010000000100000001000010100
10000100000000010001000001000110000011011000001000100000010001100001110000011000000001000000000100000
01000000000000001010000001000110000000100001000100110101000000000100101100100000000000000000010100000
10000000110100010010000010100010000001001000100000001000010000000100010000000000000000000001000000001
00000001000000000101000000010001000101001110000000100000000101100001010010000000001010100100001000000
10001000100000100000000000110100000100011000001000100110000000001100000000100100100000010011010000100
00000100001100000100110010001100001000110000100110010000000001000000010010000011100000011010000000000
00100000000000000110001011000010100100010110000101000000010000000011101001010000000000000100000000100
00000000100000001000110001000000000010000000000000000101000000000010101110000000110001000100000100010
01001101000000001010011001000100001000001000111100000000010010000100000011100000000000010000000000000
00001000010001110001100000000000000000000000000010101010011010000001000000010001011110001000000001000
10000000010010010101101001000000000001000010001010000000011001000000000000000011010010100011000000010
00000100000000001011100001000010001101010000111000100011001000100000001101010100000100000010010000000
01101010000001100000001001100000110001000001000100100111000000000010110100000000010000100000001000000
00000001000000010001000000001001000100000001000010000100100010110000011100000001011011000000001000010
00000010011010000110001000000000000000110000001010000000010000011001001000000000010000110010000111000
00001000100001000001111101110010001100100101010000001101000000010011001000001100110110100000001001110
00101001000000001010011100010100000010000000001000001001010100101010000010001001000100000010100000001
11000100000001000101001111000011001101000001000100110000011000100001100001110000100001000100100000110
00001000100000010011000001000000110100011000100010101011010010000100000110000010110010010001001101000
00100000010000100010100000000010100010001011001001000000110010000001011011000101000000000001010100000
00101011000001011000000010000100000000110000001000001101000001111111110010001110000100010100110000001
00000000000010000001010000001000001010010101010000011101000000000000100101001011000000001100100000101
01100010011011000010001000000000001010011010100100000011000000010000101010000000110111000010000000000
00100000000001100000010001001100000010000011001001100000000001100101000000011001101001001100000000001
00110001111000001100010000000000010001001100000000000010000000001000000101110000000000001100001000100
00010000000010110000000000000101101101100111100001000001000010000000000010000010000100001000100000101
00010000100000100000110010001010000000100000000100010111000000000010001000100001010110100100100001010
10101000000000000000100010000000010001010001000110000100000100101000101000100100000000100000110001000
10011100000110000100000000000000101001011010110000000100000010000101001001001010000100000000100000110
10000000000100010000000010101010100110000100001111000011000010010010000010000000010101000000010011000
00100000000100000001001010000011110010000000011000100000000011000010111011000010010101100001001000001
00111001111000100000010000000000100001011110100000010110000000000000000011010001111000001001010000000
01000000001000000100000000100000001110001000000000010000000000010001110001000001000010001110000000001
00000001000000000000100001110000000000000100100000000100000000011100010001000001100000000100001000110
00001001000001000000001001001000110100000000001011010000001000000010010000001100010000011000000011000
11100110000010011010110000010001000000000000000100000000000001101010110001101010000000100000001010110
00000000000101100000010001000010000100110100000100001010100101000000101000000000010001111010000000010
00000000000000000010110100001000100000000001000000011001100000100000001100000000001000000010001000000
00100001001010000000000100100010010010000010000001100001000011101000000010001000000000100000000100010
00100000000001000000000101001010001001000000010000000110010001110110000000000000000001001011000100000
00001100000000010011101110000000110000101000000001000001000100100011010001000101010001100100000101000
00000000001000111001100000100000100010101101001100100110010001000000000010000101000001110000000001001
01000100001010000000001101000000001010110000000000000011001100000000001101110010100011000000001000000
11000010011000000000000001000000000000100000000010010001010000101001000000010011001100000010010010001
11001100110010000000001101010001000000000100000000000110000000010000000100100000100100000001001001000
00000101000101100000110100000100000010110101100000010100001001000000000010000000000000000010001100000
01110100001010000100000011001000001000100010010010000010000000000010101000000010010000000000010000000
01000010000001000100000100001001001010000010100100001000010010101000001110000000000101000000010000001
00000001010001010000010000100010100000110000000100010100000010110000000000000010000111000000010000000
00000100001000000100010100001101110000000011000100000000011010001011100001011011000001101110000010010
11000010010000010100010000000000011010000001010000001000000000101001000000100000100100001100000010100
00000100100000101010001000100000110100000100101000001010010100100101000000000000000000010101100001000
00101000011000000110011000000000111001000010000100110000010010000000010000001001000000000000100100000
11000001100010010000000101000000000110000110010000100100010010000001000010110000100100010011000110100
00000000000000010000001110000100010000000110011000101010100010001000100000010101000010001000110000000
10010100010000000000001110000100100001001001000010000000001000101010000000000000000000001101001100000
01100000010001000011100000000000101100000001100000101000010000010100000100000000001100110000111100001
00000100000000000000010000000011100001000100100000010100100000000100000010000001001000100000100010001
01000000000000100010100000001001111000000010010001000000101101001110010001010100011010001000010100000
01010100000001100001000100000001000101110100000000011010101000010110100000000000010010100100101100000
10011001000001001010010000000010100000010000111111100000000010100000000000100000101110000011010001001
00101001001001000110000000010000000000000000010000101000010011000001001010000000010000001100110000000
00000000000000001010000000110100000010000000100000000101000000110000000110000001010101100011001000010
00010000100110110000000001001001010000010000010111000100000000000000100000000000000001001100001000010
00101000000000011010110000000000010001000100010000001110000000110011100000000010110101110010110000111
00001000000101000100010010000000000000011000000000000000100000000100011111000010001010100011100010100
00000000010001001000000101000001100011000000000000010000111000001010000010000000010000000000000000010
00000100000001101000001000001000001000001100110100010001100010010011000000000010000000000100000000110
01101000000000000100110000000000100000010000000000001000001001000001000100010000000000000000001010000
00101000010100000000000001000000100011100000000000001000000010000000000101000101000000000100100000100
01000000000000010100000111010010000011000001000001110001000001000000100001100010000110101010010000000
00001000100010010000100000000011010000000000000010000110000111000100010100001010010010000001100000001
10000000001000000000000100000000000001110100000000000010000000100000010101000000010001000000000001101
01000000101111000000001000000000000000001000101000000110010010010001010000001110011010000000000100000
00000001110000001100000000001000001100110000000101110000000000010000010001100000001000000000001010001
00100100011000010100101011000000001000001110001001000101110000000100000101000000000100010110010000000
00001001010000000000110010000000000000000000000010000010000011101010000010000000000101000000000000000
