00000001000000000000000011011010000000110000010000100011001000101010101010000111111010101110000010000
00000000100000100000001100010000100101110000100101101010000010000100000010010100100100000000100000110
10000101101010000001000010100011000101000000000000111000000010000110000011110000101000000100001000000
11100001001010000100000001000000000100000000000101000010110010000000011111000000011001000010001100000
11000001110000011001000000000000001000000000001001100000001000000100000000000000100000100000000010011
00100000111000100001110011100000000100000001010100001000010100010100011000000100001000000001010000000
00100000100000010101000001110000000000001000011010110100011000000000100100011000010000001100001010000
00000000000000100100000000000010001000100001110000101000110000000010100010001001011000001010100000100
00000000110110010010000001010010000001000000011000001110010001000000010001000000001010110000110001100
00000100000000111000000010101010100000000110010001001001000000010010010000100000010111001000001001000
11100011000110011001010000000011000011010000110100010000000000001000001010000001001001001000010000000
00100010000000000100001001100100000100000000010001000000011010000000000100100000000110000000101100000
00001101000000110100000101000010000010000000000010000000000000101110001000001000000010000011000000001
00000000010000001010000001110000001000000010010010100010101000001000100110100010100001011100000000000
00001100010000110011000010001000111111010000100100010001001001000000101010001100000001010100010001000
01000001000000001100010000101001101000111000101100001001010001000110111100100000110010000000100000000
00000001000100001000010010110001000110010000000000000001001001001101000100010001000001000001000000001
00001000000001000100000000100000000010000001001010000110010101000001000010000000100011011100010000110
00010110100000000000110001010100001100000001011000011010100000000001000000001011100100000101000101101
10001100111010011101000000000010000010011000000100100010001000000000010000110010000010001000000000000
00100101000100000000000100100010001100000001000000010100100010000000010000011000110000001100100010010
00010010010001000010110000000010110001000000100010100101000001010110000010001010111000100010001010010
00100100010000010000010000001001100000100000000010000000101100100000000000000001000000000000000110000
00010101000000010000010001001000000010001100110001000000010100000100001000110001100000010100000000000
00001010100001101010010001000000100010000000000001100100101001100000000000011001000000000000010001001
01001000000001000010010101100000010000001000100000000000000000000000000000110100000000000100000011000
01000000010000000000010110100001000000010110000100010000101111001000100100000000000000000001110001000
00001110000000100110100010100000101000001001110001000001000100000000001110000101000010101000000000000
10001110000100000000010101000000100011001000000001100101000000000100100110100101010000010000000100000
10000000011100010000000011001001000001001000000110001001000010010001101000100000000000100101000010101
00000111000000001001001000000001000000010000100100001010000100001000001100100000000010010000000001110
00001000110000110110110010000000001100000000010000000000001100001111100100000000100000011000000110001
11110000100100100011000000010000000010000000000001000000101000000000000011101100100101100000000101100
00000000001000010010000010000000000000000000011100000100010000010100000000000010000101000010000000001
00000100000000000100000101000000000101000001000000001010001101000000000000000000001000100100000000100
00000000010000001001000000001000000100000010000001000110110001000000100110100110001010000001010011010
00010000010000011001000100000001001100000001000000001000101000001111101001011000100000100100000000010
00101010000000001001110000000100011110000000010000111000000001000000000111000011000010000000100000000
00000001001000100010000100110000000000001100000001000001100001010010000110001100000011000010011000101
10101001110001000000001000100000000000100000000010101000001100000100001001000001100000101000001000001
10100001000110100100001000100000001000000000000000001000000010101100100001001001010000011100100100000
00001000000001100001011000000010001000000101000000000000010011000100001001101001000000000000000110000
01000000011100000110101010100010000000101000000000000110010100101100110000010000001000000101000000011
01000000001000100000000001000000100001001100001010010000010000101010100000000010000000010000001000000
00100100101001111010000000110001010001000100001000001010010001000000000101000001100100100000000000110
01000010001000001101000010100001000100001100000110010000000000000000100101000000001001000010011000001
00001000000000000000000000010010000000001000000100100000000000000001000011001000110100010000000010010
11000000010100010110001000000000000000100000000001000000000100000000000000000000000000000000000000110
00000001100000000100101001000000000000010000000100001001100100000000001001010000000000011000000101010
00100000000100001000000011000000000100111001001100000001010000010000000010001100001000001000101010010
00000000001001001000010000010011100101101100000000000000000000000000010000001010010000001000000000000
01000000000100100001001010010110010000001000000110100010010000010010001001000000100000100000010001000
00110001110011111000000010000001100000001000000110001011111000000100000000000010111001000010100000000
10000000010000100010000100001010001000101010101001100001110100000000110001000000000010000010000110000
11010011010001001011101001000000010000010101010000000111000000010010100001000010000001000000010000000
00000001000000100010001100000000001001010000110100000010011001010001000100000000000110100010000000000
10000000010101000001010110001110111000000011001010101000100000010010001000111001100010000000000001101
00000010010010000010000000000001000000000100110010100100000011000000000010110000010101001000100010000
00000000000100000000001000000000000001000001000001010011000010010000010011000000010100000001000000000
00001100010000000100000000000000010000010100010100000010110110001001100100011100001000000000000001000
00001000000011000000100000001000000001001110100010000011001000100011110001100011001010000100000101000
00000000001011001010000000010000010010010001010100010010000010000010000110001000000011010000110110010
00001100000000000000111000000000000001000001101011010001000000000001001010110000000100101001100000000
10000001000011010000000001000000101001110011101100001000001000010010000000000000001010100000010000010
00000010001001001000101000010000000100010010000010000000100000100000000001000100010010000000001000001
01000001000010000001001100000000110101000000000100100000000100000000111110100000100001000000000000000
00101000010010000000000011001000000000000011000000100110000000000000001100001100011010101000010001000
00000100100000000010110100011001100100001100000000000000001000000000000000001100001000100001000010011
00001100000101011001000100101000101101101000010110100000010001000011000111111000000000110010110000100
00000010101010010100000010010001110100000010111000000000100010000001111000000100101001000001111100000
00000100110000010010000010011110000001100000000000100000110100010010010011010000011000100000000100000
01000000100011000100000001111000010000101000000000100010001000100001011000010000010100000100010001001
00000110101000000000001100100000010100000100000010000000001000000000110001100001000000000000011010100
00000000000000001000010010000100000000000000001001000001001100100010100010001101110101001000100000001
00011001001000010001000000000000000000010001000010000000000001010000000110010000001000000100000000011
00001001000000000001000000001000000101000000000001000010000101010000000001000000000000100000110010001
00110000100101001000100000100010010101101000000100001011000000000001000000001000001000110010000000010
00001000001001000001000000000001000010001000000000101010010000011110000001001000101100000010011000011
01000101000000100011010000000000000000000000100000000000000000000100110011000100110100100000100010001
00101101011000000000000100000010000000000111000010001010011000100000000101011001000000000001001001010
00001010000010000010000000100000000000010001000010000000000000000000000101000100001110101001000010000
00000001110000000000000000100000010001000110101101100000001110101010000001000000001001100000001000000
00110011100000000000010000011001000000000000000000000001000101000001000000000101000000100000011010101
00000000011001000011001000100110000010010010000110000000110001010100000001100000000000000000000000100
00110010000011101000000000000010000001000100101000001100000110000111110000010000101000000000001000001
01010001010100100000000000000100101001010000000001100010100000000000110011101001110000010000000000000
00100011101110000110010000000001000100000000100001010100010110000000010010000010011010101110000001100
10000110000000010000010000010000000100001010000100001001000000010001010100001110000100100010001000100
00010111000000000000001100000011100000000001000100001000001000100110010100100000000110000000001000011
00001001100000001000000000000010100000000000100000001001001110000011001100100001000001010001000000011
00000000011110000101010000000100001000000001010001000000100100001010100101101100000010110101000100101
01100000101010000001000000010010000010000000010000001001100000100000000000000000000000000001001001001
11000010010100000110100001100100001000000011110010010101000011000010100011000001110100100100000101000
10000000001010010010000000010010000000001010010001000000001000000010000000100000000001011001100000001
00100010001000000101001001000010000011000010001101010010001100000001101100100000001010000000000000001
11000010101101000010000001001100000000101010000101110000001010000010100011011010000000001001100010100
11000000000010010010000010000110111010100010001000010100000000010000001100000100000000000100001000000
00111000010000000000101010101000000001000000000100100010001110000001100001000000000000001000001100000
10000100100000000110001010100001000100000000000000000101110111111010000010001000001010000101110000000
01010000000010001100000010110101001011011000000000000000010000000000101000000101000000000000101000001
00000010011010110000001101000010001000110100000000001110011100000100100000001011000000101000110000000
