00100001000110100000001000000010011000100100110000001000000000000000010010001001000111101000010010110
00011010011010010000010010010000000010000000000001100000010000100000100000010000000000010000000000100
00111111100000000001101110000100000100010110010000000110010010010010100000000011010010001011011000100
00010110000111000000000000010000000000000000101000010000001000000011000000100010100000000000011010000
11100000001000100000000110000000000000000100100110010101000101000100101101000000001110001000000000000
00000001100000010000010001100000100000100000101000001000100100000100100000110011000000000010001101100
00111111100101000100100101100001000000000011001000000010000000000100001000000001000011110010000000100
00001000000010000001010010010000001010100000001010100001000011000000011010001000101011100000100101100
01000000000010100010101010011110010010000000000101101100001010100001001000100000110001000011010000010
00010000010000001011000111000000010101100100000100010100110001000010000000100000000010000000000010000
00001000001000001010000000000111000111100000000001000000000011110011011001010000010010100000000010000
00100100011001000100000010010000000000000001101010011000000000000000011001010000001110110010000000100
00001111001100000001001000110001010000110000000000110011000111000100001000100000000001000000010100000
00000000001000000000000011000110111000000000001010001000011000100000000010000010000000010110000000111
00000010000100001101100000010000101010111100001000010101000000000000100000000110000000010000000101000
10001000010001000001111100100010000000000010100000010000000000001100010111001001000010000000000101011
00011001110100000000001000000000100010011110000000100000000000100001010100000101001101100000010000101
01001000001010000000001111100000001100010000000110010001100000001000111010001101000100101010010010001
00010001100100001100000011010000100010010000000000001000010000000100001000001000001110100000000101000
10000000011011100000010000010100001000001001000100000000010010100100100100000001000001000000101000000
00000100000110010000100000000000000110000001100000110011010100010000100011001000010000010100001001010
00010100000011000000000100000000000001001001000000100100000000010000001001110000000000000000100011011
00000011000010001000010000100001101000000000000010000001011100010000000000010100001001001000010000001
00000110000010100000101000100100001010100001011011001000000011010100000010001000101010000000000010000
00100000010100111000000000010010000011100000011011000100100000000000000010110000000010010000100000010
00001000000000001000110000000010000010000101101001100000001000101001001000010000010000000000101000000
00010101000000000101101000100100000010001000001001110000010000100000000000001000000000000000110101000
00011000001001000000000000000000010100001011010010010011100010010010001100100100000001000101010000000
00110001000000001100000011000000001110000001110010000110000001001100000000000110000000000000010001010
10000010010000011100011110000010000000100000000001100000000010000000000001010000000110000000000100100
00001001001000010111000001000000000000100010011000000000100000100100000000110100000000100000000010000
10001010000000000100000100010110110010000010100000110100011100110100111001010010100001000000001001000
10010010000100001100001000000000000001001101001000011100010100000000000001001011011000100001010100000
00010000001000000000100000000000011000000000000011010000000110001010010000000000100100001000000000101
00010000100000000011010000000011101010000000100010010001100110000000000110000000011000010001000001000
00100100000000000100001000001000110010000000111000001001100000010000010100000000000001100000101010000
00000100000000010000001000010010010011001100010100101010000000110000000100000000000000000010000000100
10010001000110001000001000100101001100001100000000001000000101010100110001001000101001001000001000000
00000000000000100000000010000010011001010000000001000000010000000000100100100001001001000010000110011
10110001000001000001000000000001000100100000000010000010000101000000101000000010000100000001100010010
00000000101011000000000001000000101101010000000000010101000000000011001101110111100000000010000000100
00100100010000001000000000001000000001011010000010100000101010100010110010000110101110000001000001010
01001001111000001000010000000100000001001000001101110010101000100100000000000010000001100000100100000
00100001000000000001101000011000101010100000000000000000000000100001010110000010101101000101001000000
01000100010000100000000001101000110110101000000001000000010000010011000010100101010010000001000101010
00000000000011101010000101100000000010011000000101000100001000011010000001000001001000001000000000000
10000000000000001000000110100100010100100000001001000101000000010010010001001000000101100000000000010
00001100010000000100010000010101101010000001100000001100110001000000001000000101001100100010000000000
01001010000000011100010001011001010000000000001000000001000100101000000100000000000000100000010000000
00100101000000000000100010001101010000000011000000000011001100000010000000110100100000001001110000011
00000010000000000000100000000000100000101001011111000010010010110001000100000000110100000100111110000
01010000001000000000010001000111001000010000100001100000001101000010010000000001101000100100000011000
00011101110001100001000011000000010010001100100000001001000000100001000011000010100001010000010010001
00100010000000010010000001000010010100010000000000100101010000000100010011000000010000000000110010000
10000001000101000110010000100000011010001100101010010011010000111000100001100000000100000000000000110
00000100001000101000000000101100000100000001001111000000000100110000000100000000100110010001000011100
00100100010000000000001000000000110001110001000100000011100000000000000100000100100000000000111010100
00001010010000010000000000100010000100110101000000000010000000011000000001001100011000100101100001101
10001100100000001010100000000010010000000100000000100000000000101000010000000000110000011001000000100
01011000001100100000000000000000000000000000010001000010010100000010010000001000000100101110010010010
00101000000100000100011100000000000100000001100110000000001001000101000100000000000100010000000001110
00000010000000000000011010000000101000000000000101110001010001000000000100100100010000010100000000011
00001100010000000000001010000100010000010100001001000011000000000001001000010000000000100010101011000
00010100001000000000010001000010000111000001000100100000010001000000000001010100000000010100100000100
10000000101000010100000000001111000000101000100110100001000100000100000000001000010100010000110000000
10000000001000000000000110100110001000100000000000010110001000000000000010001001010000100000000101000
00000000000000000001010000100101100100100000000010110110011000100010000001001000010000100000001011011
01000000011001100011101000000001001000000000000100000001010000001001110000010000000011000001100000000
00000000010000011001110010000010101010000000000001100010000010010000101100000010000010110010010100000
01011100100011000010000011011001000000000000000000000010001010000010000001000101100010000011000010000
00000000100000000100001010000010101100011000100101000010010000001001100000000100000001000101100000100
00000010000000000010000001000000000001110000100000100000011001000000000000010010000000100000000010001
01100000001111011010000110110001100111100010000010000000000010001000010010000000000000010000101010001
00010000000000000000100000100101011000000000001000000001000001000111000000110000000100000000010010000
00101010000010001000000010100000101000000000100000000010011000000000000010000000000001000000101101011
00100000000100100000100100001000000100000011000000000000100110001000000001000000000101000100100001001
00000010001000001000101100011000001000100000001000000001000001000000011001010111001000011100010010000
00001001100011010010010100100001100000101000000000011000000000000000000100100000000000000000000100000
00100000000010000010000000010011000100100010010000000000000100110000000010101100000000011000001000101
00000001100011010000000100000000000100101000000010011000000000000000000000001000000100100001110010001
00101100000100000001000010000010010000000010000100000100110000001000010000000000010000000001110010010
10100000000000001111000010100000010000011000101000000100010100100000100011000000010000001001011010000
01000001000001010001000010000111110100000000011101001010011000010100001010100111000001000011000100000
10000011010111010000000101010101000000100000001000101110001010001000100100110000001000000010010000000
00011000000000010011010000011001010100001000001001000001010000010101100011100010010101000100000000000
00100000001000000000000000000000001000000100100110100010000100000000000001000000001000100000000100000
00010000001100101001000011000100101100100000000100000010000100100000010010011010000000010000000000101
00000101011000000010000000101000001100000010110100100101011001000110000101001101000000001000100001100
01000001001000000000000010100000000000001100000000000001000100000001100000010010000110100001000000100
00000001000101001001101000000100101000100000000100010000011001010110000000000000001000100001000000000
00101000000100000100000001000100000000000110010000011000001100011000000000001100001000000000010001001
01100000011010000010000000111000000000000110000001111010001000100000110000010010011010000001100001001
01000010100000101110100000000010001000001000000010011000010000010000000101001100001011100100001000000
10000001010000100001000100000000000110000010100110010000000011100011011000101000000000000000000000000
00000101001100000011100000001000001000001110000000000000010000000000000000000001010000000001100000001
00000001110000000001111011000010000010000001000001011000000001001100000100000000100001000100001001010
01000101001011000000100101010000010100000111001000000010001011000011000011100000000001010010010001101
00010110000000000001000001000001000010100010100000000011000010100010000000100100000011000010000101000
01001010000100010110010100001010100100101000100111100010011000101100000000010000100100101001011100100
01011000000000001000000000000000001001000011101100000100100011001110100010110000001100000001001100001
00001000011010000111001100000001001000000000001101000100000100100001000000101100001110000010100101110
