00000000010011000101110001000111011000010000100001000000000000010000100000010000001000110000010100100
00110000101001000000010000001000000001010000000100100100100100000101010000000000000001001101011000100
00100000110000011001101000110000000000010100001010000011000000001100001000100100001000110100100011100
00000011000110000000010000010000010000100001000000001110101000000010101001000001001001010100000010010
10100000000000100001011100110000000110000100001101110000000001000000000001000100000010000101000001101
00000010000010001000010100101001010000100010000110000000001010000000000000001110011010101000110000111
00010000101010010000000000000100000000000100000000010000000100011000001001101000000010001000000000000
00000000100101011001000010101000111010100010000001010101001000000100001000000000001110100000110000010
01110000100100010000001001000110100001000010000001010100000000000010000000000000000000101010010001000
01000010011101000110000010000000010001000000000000100100000110011010010010110010000100101000000101000
00000000111100111000010000010111010101001010000010000000000001000010000000000010001000001001000100010
01001110010010101100000001100000001000000000000010010000110000000000010100101101100001000000000010000
10100100000000000110010110100001000110000101100001010001000011001010000101000001100100001000100000000
10000101000000100001011000110011000010000001000011110010111100001010011100010000010000011000010100001
00100010000110100000000001010101001011000001100000100010000000100010010000000000000010100010000000000
00100100011000001000000000001100010000000000001100110011001111011010101100100000000010001000100010000
00000010000000000000000000000000101010100000100001000001010101001000110101000001010100000000001011000
01101100011011100000101000000000001110000001000000011000001001110000010000111000000001000100010100000
10100100110000000000010101100000001000001100000000000000100000110001100010000001100011000000000011001
00000001110000010010000100001100000101000000000001000000101001001101000000110000001000001011110010001
00000000000000000000001001001010000000001010000000010000100001000000100101010000000001011011000000000
10000100000000001000000101010001010010001100001110000000010111000000010000010011000010011111000001010
01000000001000101001000000000000110110000000000000001000100001000011000010010000000000010001100111010
10000000010110000000011000000001010000010100000100001100000110100100101001111010001000010111010100001
00000011000000010000000000001000010001011010000111100000001000000000100001000010001001101000100000001
10001001010010100000010000010011100011000010110000010101110010100011010000100000100001110000000100010
00000010011100001000001000000000000101000000000000000000010101000001001100000100000000000000011000010
00000010000000000000000000110000010000000001001100111000100010000100011000100011000010110010000101000
11000000000000101110000000100001010000010010000000001100000010010000000010101001010000111000001000000
10010000000000000001000001000100100010011001100010100000100001000100100110000100011100010000010000110
10100000000000000111001000010000000011011000001000000101011010100011000011111001011000010001001000000
00101110100000010001100101000100110000000111100010001000100000000000011000010010001000010001000000000
00001100100100010001000000000000011001100000100000010100011000011000001100100100001000100100001000000
00000000100000000011100000001000000001001000000000000000110010010000100010000001001000000010100100001
10001000000000011100001010001000000001000001100000010100110010000011100001010010000000011000000110001
00000010010010100000100010000100000011111000001111000100010000100101000011101000010000011001010000000
10110000000000000010000110001100100111000001001010001000010110000000000011010001010100100001000000010
00100000000001011000100100110101001000010100000100011011100000001111000000000110000000000000000001000
10000000000010001011101000001000111010100000000001100101000001100000010000010000000000000000000001100
00000000010100010000000010001100000010000100100010011000001000010000001000110100000000010010000001001
10110100100000010101001000100100001000100011000010000001000000010000100110010010010000001010001110010
10011110001000011000000000000011110000011000000000000001000100000010100010001010000000001000100000010
00000100110000000000001001010001001000000000000111000000000001010000100000011000000011000000100001100
00110000000101001000100010010000000000000110000101000100010101000000010100000100010000000100010011010
00000011000001100110100101001100010000000000100000000000010001001000000000000000000010000011100100100
00010100010010001000010110010010001000000000000000000001001000000000001000110101010001000001000100011
01100000000100000000000001010000000000100000001101000000000010000000001010100110000111001010100100100
01000100001110000001101100101000100100000000100000010010010000010000000000110001001011001000001000010
01000000010100101100000110001100000000001000001100000011000000011000100000001000000001001000000100000
01100000000000100000000000000100010011000111000000000000000101100000000100100000000000010001001001110
11001001000000001010101000010100011100100000001000010010110101000000110011000001000010100100000010101
11110010000000100101000000100001110100010000000000000000000100000000000000000011010011110100001001110
01000000000101000011000001111010110000000011110110000010100000100010000110000001000001010101000000100
10001100000001110100110001000010000000010100100011001000000011110000000000000000011111011100000100001
00110000100011110000000000000000010101001000011011000110011000110000000000100000100110010011000100000
00100011000000000000011010011010000000000100010000000000110000010000000100000000010010000001100000010
00110011101010100000010000000000000000010010010101000001000000010000100010000001010001110100000000000
11000000010100000100010000100001100000000000001001000001000010011110001000010001100100100000010000000
00100010000101000011000001000001101000001001000010001000001100000010010001100000001000000000110001100
00010000001011000000000101100100000101000100001101001100100000001100000000000000100000001000000010000
00101000000111001000010010011101001100100000000000010101110100000001000000100011100101100110011000000
10000001000000010001010000000000000100110000110000100000001000100101000111110001000001101010000001010
10000000000000001000010000110101001100000011000110000110000000010000000000100100001100111000011001000
00010100000001000000000010001111000000000010110010000000010111010000100011010000010100000000001000100
00110000001000010001000000000000110001000001000010100010100010000001001000000100001010100100100000000
10000010110010000010000100000000011000110010000001110000010000100000100101100000000000010011000000000
10000000000001001001000010100100010010000000011010001011000000000100000000010010001000000010010000010
00010000001000010010000000110001000000001001000101010100000011000010101100000110010010000001100011101
01000000010001000000011000000100100001111100101000000110000000000000011100010011000001010010000000110
01010110000010100001100010001000000000000100010000010000010000001100000000001001100110100010000100000
00000101000000000010111100101000100100001100000100000100000000100000000000001000000110001000000000100
10001010000001001000000011000001000001010000001000000010000100000010100000001001000100000100001110010
00000000000001010000001010010000000001010100010000100000110100000100001010000010001010000110001100000
00010100000000100011000000000001000000010000001100000010000001000001010010000110100000100010000000000
01001111110000001000001000011000000000100101000001110000011011101010000100001100000000100000000010000
00011110100101000000101001100000110011000000000100000000001000001000000010000000000100100011000100000
01010000000000000010000100100000010011011000000010111000110000100011010010001000000010010001001110000
10000101010110000000100101001100010010000100001101000000000001000001011100000001111001000011100111101
10000000010010001000110000000010101000100000010100100010010000000000001011100000010010000000001000100
00011000000000010000000100001000000010000000000001000000100100000000010100011000010000000101111010000
00001100000000100101000001001000100101101000000001011000010101100000100000100011000101000011101000011
00100000000001110100000010000110000101100100001100011001100001001011011000000000000000000000000000010
01010010101000100110001000000011011000010000100000100000110000101000000000000010010000000100010000000
01111001000100011010001000110001000100010000000000100000001000001000000000110000011000010100001010010
00000010000000001100100000101100000110000100000000010000011100010010101101000101001001000000000011011
01000001100000110000000000000100000000000001000000001100110010000011000000010000000000001010000000101
10000000100000000100001010000000110000100011101010000000101001100010111100100000001000000000000100000
00010001000010010001000100110010100000100000000000011110000000000000111000010000000000000000010001000
00100010001100100000010010100000010000001011101001111000001100010000010100000010010000001110010100000
10010000000010110001000011010110010000000000001111000010100000000000011010000010010000000010000100010
10000000000000000000000001000001000000000000110010000000000100000110000001000101000100000101110001000
00110001000000000011000000000010000000011100000000111000100001000000000100110000010101000010100100001
00000010001000100000000010000000110100000010100000000000100010100000000001001011100000101000000100100
11000100100010110010000000001000010000011101000011010000000011100010000000100101001000101001000100000
00001000010000000110000000100010000010001100010001000010000010101010000000100000001000001000110000011
00000100000011000000000100000100000010100000000101000000010010101010000100001001110001010101100100000
00000100001000110000010000010010100101001000001000100001001000010000000001101010100110000110001101001
11000000100010000100000000000000000000001101100000000000101010010010000000010000000000000101100000101
01000010001111000000101010000000011010000000000100011000001000000000100110100000000000000001000011110
01000000001000010000001010000110000000001111001000110100000100000000000010101001010001100000010101011
00001101011100000000000010000100000000010000100000111111000000000101000001000001000100000000100110100
