00000010010101110000001000000101000010000000000100000101010000100100011101000110101000010010101010100
00000010001000100001100000000000000000000000100001011001000110001010000011001000001000100010001000000
00001011100000000001000001000010010010010100100000010101001000000001000000001100010010000010010000001
00000000000100001010001111000110101001100000111010111010011000000001010000000000100100001000000010000
10100000010111010110000100110000000100001100000000110000000000010000110010000001000000000000100000000
01100001001100000001000000000000000100011010100000010000000001000000100000000000000000100000110100001
01001001010001000000010000001000000010000000000100100001000000000100000010000101110010111000010000000
11010000000010011000010000101011000110011000000010000000000001010100000101100011011001000100001000101
00000001100100000000000000000000001011100010010000010000000001000000001000000000000000100000000010000
01001000111110000000000000010000001001000011001000100000010001011000000100001100001011010000010001101
00000000000000000110100100100000010011000001100010001101011000000000000001000000000000011100000100000
00000000010100001000001000010110000001010000100010000000100000000100100000000001010000001010011100000
00011000010110000100000000000000000001000100010111110001010000100000010000000101100110100001000100100
10010000000000000000011010010010010000110010000000010010000000110011001001000000001100000001001000000
10010100100000000001010110000100010000100110100000001001100000010110000000010000000101000000000100011
00100010010011010000000000100100000000001100010000100000000000001100000000101010000000000000000010000
00010010001000000010000001001011001110101110000000100000011000000000101101100111000001000010101000001
01100010001100000000000000110000100000000000000000000010010000100000001100000001001000001000010001100
00011000000010000010000100001000000000100010011010010001110011111000100010000000101000000000000000011
01100011101001000001000000001000000000000010100001100100010100110001101001000110000010000100100100100
01100000101000100000101000100100001101010000000000101010001010000110000000100000010001000010010010010
00000001001010000100001010000111100000001100100010000000110101000001000010111000101101000000101100000
11001111000011010100000000000111000100011000000000001100000011001010000110010100000000001000010100000
11101110000010100000000000000100001110110000000000111000100011000100011000001000000000000010000000000
10000001000010000001000001100000010000100000000001100000000000011010010000000000100100101110000000101
00100111100000010101000000000100000000001000011011000010010000010000100001000000110010010000000000000
01000101101100010100010010000000000000001000100000011000000011000111011000000000100110100001011000000
10101100000011000110010000110010000000000000000000010000100000101101101001000000010000010101000010010
00010000010100001000001011011000001110001001100100000000000101111100000000001010010100000100001110000
00000011001000000110000000001001010001000000100000101100000000000000100100000000001000000000001000000
00001000101001000000001000000000000101000000100100101101010010001010010000000000000100000000000100000
11100000101000100010010010011000010000100100000000000111011001110100000110100001110000001010011001010
00000000011000000001000100000001100000100001000000100011000000011000100000000001000000001001110000001
00000010110000001010000000000100010010000010000100101100101100001001000010001001000011000001000000000
00000000000100010000010000000110000100000000000000010011100000000000000000000000010100000001001010100
00000010000101101000010100100010010010000000000000000000000010110000010100000000000010001011000001100
10000010010100001010100001000101100000000000000000000000000000000001000010110110001100001000010000001
00000000101000101010010000100011000101110000100000110000010000000000001110100000000010001010001001001
00000001001000100010000100000001000000001000000000001001001101011011011000001110000000000101001001000
11000001000010110010000101100001100010000001000010001000000000110100001001000010100100101000000001100
00101000000100000011000000001111101001000010110011100101100010000100000000000011000000100101000001010
11000000000010000010000000001010100001001000101011000101000001010000000100000010000000010110001000011
00000000100100000010000100100000110010001001010000000001000000101000011010000000010010000001000001011
00000000100000000000000001110000010000000000101100000011001010101000001101100010000000000000110010100
00000001001000100000001010000011010000000010100010000000010000011001100100010000110001000100100000110
00001000100001000001011010000010011001001100010100000110010001010000000000000000000010111011111010000
10010100000000000111111000100001001001000000100000000100100111010100100000000000010000110000010000000
00010000001100011100000100000010000010100000010000000001100011000000010101000010000101000001110000000
00000010100000110000010110000001010000001000001111100100100000100001010000100010000000100000001000010
01000001100010001010000100000110001110000001000110010000101001000010001000000000000011000010000001000
10010000001100100000100100010000000000110010111100010000011001001100110001000000111000001100000010000
00000000001010100100001100000101000110001001010000001001000000011000001110000000010001000011000000000
00001000101100000100100001001000000011001001100100001101010000000000111000010100000010010100000000001
00001000010010011000000000000010000000000000000010001000001110101000010000000000000000000000000100000
10001000000001000000000100000011010100100101000011100000000000010000100000010100010001000100010000000
00000000101010100001000101010001000001101000000100000000101100001010100000000000001001001000000000000
00010010000010111100100001001010011000100001100000011100000000001010001100000000101010000100001000111
10010000000110011010010000010010000000110000000000000111000110000001000001000100001100000000010100000
00000000000000000001001011000100011000010000000000000010001000001110000110001000110010000000100010001
01010010000100000000110000000000111000000010000010011000000000011101100110010101001001000001100000000
01000000001100000101110000000000100101010001001000100000001000001000001100100100000010101001101000001
10001000000000000000000001000101100010000100101000100000000100000000000100000010000000100001010100000
00000100000000000010001001010010000010011000001010000100000000001000000000000000000010010000000101000
00000000010100001000100011110000000000000001000001101000101000010001010001100001000100000110000000000
00000100000110001010001000010000000000001010010100000010100100000010011010000000110010000001010001000
10100100000010000000100100000110000100100010000001010000000100100000000100001000000010000011000011000
11000000000110001010000000000100011010010000001110010000100000000100001001000001100000011001001101000
01110000000110100001010010000001010000001010010000000000000100010011000001010000010011001111011000000
00100001101101110000110010010000000000010100000001001000101100100110100000101000000000010000001000001
00010000010000000001101000001100000100011000010000000010000000000000000010000000001000010000010100010
00001001000000000001000101010100001100000001010000100000000100000001000001111010010000000100000000111
01011000000000011110000000000111001101001000011000010010011100001000001010000010001100100000000000000
00000000000100010100110010001001011010100000110000110101001101000000100001001000001000000100001000000
00000011000001100101010000010000000010100101000000110000000100001100000111110011100000110010100000000
10111000011100001011000001010000110010000100001000001010000000000000010010000001100011010100101100111
10010011010010000100000000000001010010000000000000100001010000000000010010000000000001000100110000000
00000000100100100010010001000100100101111011011101000100001100011010001001000101100000010000000000000
01100000010010101010100010010010010000000010000100000110000011010000000001100110010111001000000000010
00101001000101110000000010101000000100001001000000010010000010000100010000001000000000000000000100010
00000010000000000010000110001100000101010010110010000000100000000000011000010001000000000111000101011
11010001001000110100000000010110100000100000001001000000100001001000001101000000100000000001111000101
00010000011000000000001000000001010000100001001000000000001101000001100101000110101100011111000110000
10000000000100000000000001010001000000110101110011101000000000001000100100000010011110011100100100000
00011010000000010010100001000000100010010001001100011001000000000100101100000100000000000010000010000
11100000000000011011111100000100000000010000101000000000110000010110110010000000010000001100100011000
00101101000011001001000001000001011000001001101111011001010001100001001001010010000000001010100000011
10010001100100000001001000000100001110001000100000000011101110000001000000001101010000001000100000010
10000001100000000001010000000110100000100001000100001000100010000000011000000110000010000000000000000
00100000000001010001000110000110000000001000110100100001000000000010010100011000101010001010001000110
00110100010110000011000001111110000001000111000000000011011001011000000100100100011000001001000000000
10010010010010100000100001000001100001010001001000011000100100101100100110100000010000101000001000100
00001001001000000000100001011000000000000000110001010000010000011000010010000000100000100001010001100
10001000000000100000001000001100100100011010100001010010000000001100000000000000100010000010011010000
00000100010100010000000000000000000000010100100110000010100000100000000000100111000111011000101000000
01011010100100110000010000000100010010111000000110011100000100010100100000000001101000000010001011110
00100110000000001110000000100000010001001000001010100000110000000000101001000011101000000011000100010
01010000000000000000000000110010001001001001001101000110000000001010000010000011000011000010000010010
00000000001000010000000000010000000001000100001000010000100100011001010000100100101000001001000000000
01100000110100000001100001000000000010000000110010001001011000000000000001001110001001001110010100010
11000000011010001000000000110010010000010000000011110000000000110000001100001101000011000100100000000
00000100000000001011101110010000000011000000000000110001000101000001000000001001010000010000000000000
