00000000000000000000000000000000000011001000000000000000000000000000001000000000001000000000000000000
00000000000000000000001010000000000010011000000001000000000000000000000100000000000000000000000000000
00000000000000000010001010000000010010010000100000100000000000010000000000001000000000000000000000010
00001000000000000000010000000000000000000000000000010000000000000000000000000000000000000000100000000
00000000000000000001000000000000000000000000000000000000000000000000000010000000000010000000000000000
00000000000000000000000000000000000000000000000000000001000000000000000000000010000000010000000100000
00000000000001000000000000000000010000000000001100010000010000000000000001100001000000000100000000000
00000000000000000100000001100000000000001000010000000100000010000000000000000000010100000000000000000
00000000100010001000000000000000000010000100000000000000000100000000001000000000100100000000000000100
10000000000000000100000000000000000000100010000000100000000000001000000000000000001000000000001000010
00000000000001000000000001001000000001001110010000000100000000000001000000000000110000000010001100000
00001000000000000001000000000010000010000000010000100000100000000000000000000000000100000010000000000
00000100000000000001001000010000000010000000000000000000000000000000000000000000000000000000000000000
00010000100100000000000000010000000000100100000000110000000000000000000010001000001100101000000000000
00000000000000000000100000000001000000001000010000000000000000000010000000100001000000100000000100000
01000000000000100000000000000000000000000000000000000000000001010000000000000001000001000100000010000
00000000000000000000000100000000000000000100000001001000000000000001001000000000100010000000011100000
00001000000001000000010000000000000000000010010000000110010000000001001000000001000000000000000000010
00000000000000100000000001010100011000001001010000000001000000101000000000000000000000000000010110000
00000000100000000000000000000000010000000001000000000000000011000000100001000000000000000000000000000
00010000000000000000010000000010000000100000000000000000000000000001000000000100001000000001000000000
00000000000000000010000000000001000100000000001000100000000000000001000000000000000010000001010000000
00000000000000001100000000000000000001000000000000000000000000000011000000000000000000000000010000000
01100000000000100000000100000000001000000000000000010000000000000000000010100000000000000000000000000
00000000000000000000000010000101010000000000000000000000000000000000000000000000000000011000000000000
00000000000000000001000000010000000000000000000000000000010010000000000000000010100000000000000000000
00000000000000000000000000000000000000000001000010000000000000000001000010000000000000000000000000000
00000000000000000000000000000000100000100010000000000000100000000000000100000000000000000010000001000
00000000000000000000000000000000000000001000000000010100000000000000000011000100010000000000010000000
00010000000000000100000010100000000000000100001000000000001000010000000000101100000000001011000000000
00001100000000000000010000000000000100100001000100000100000000000100000000100000000000000001000000000
00010000000000000001000000000000011000000000000010000000000000000000000100000000000000000001000000000
00000000000110000000000001000000010000000000000000001001000000000100000000000000000010000000000000100
10000010000000000000000100000000000000000000000000000000000000000100000100010000000000000000000001000
00000000100100100000000000100000000000000000000100100000010010000010010100000000000000100000000000000
00000000000000000000000001000000000100000000000010010000000000000000000111000000000000001101000000000
10001000000100001000111000000100000000000010000000000000000000000000000000100000000000001001000000000
00000000000010000010000000000010000001000000001000000000000001000000010100001000000000000000011000100
00100000000000000000011100000010000000000000001000000000000100000000000010001000000000100001000001000
00000000000000000000100000000100001010000000000000000000000000000000000000000000000000000000001101000
00000000010000000000001000000000010001000000001000000000000010000000000000001000000010000010100000000
00000000100000000011000000000000000000000000010000000000100000000000000000000000000000000000010000000
00000000000000000000100000000100000100000000000000000000000000000000010000000010000000000000000000000
00000001000001000000000010000000000000000000000000000000010000001000000000010000000000100100000001000
10000100010100000001000000000001000000000110000000000000000000000010001000000000000001001000000100000
00000000000010000011000000000001000000000000000010000000000000000000100000000000010100000000000000000
00000000010000000001010000000001000000000100000000001101000000000100000000000000110000000100000010000
00000000000000010000000001000000000000000000000000000000011001000000000000000000000010100000000000000
00000010000000000000001000000000000000000000000000000000000100010001000000000000001000000000000100000
00101000000000000000100000000000000000000000000000000001001000000000000000000000000000000100000000000
00000000010000000000000100100100010000100000000000000000000001000100000000000010000001110000001001000
00000000000000000000000000000100100000000010100000000000000001000000000100100000100000000010000000000
00000000010000001000000001000000000000000000000000010000010000100000000000000001000100000000000000000
01010000000000000100000110100000001100000000000001000000100000000000010000000000000000110010000000000
01100010100000000000000100000000000000011000000000000000000000000000011000000001000000000000010000000
00000000000000000000000000101000000010000000000001001000010000000000000000000000000000000010000001000
00000000000010000000000000000000010000000000000000000000001000000000000010011000000000000000000000000
00000000001000000000010000000100000000000000000100010000000000000000000000000010000000000000100010000
00100010110000001000011000000000000000000010100100000000000000000010110001000000000001000000000000000
00011010000000000000000000100000000000000000000000000000001000000001000000000000100000000000000100000
00000010000000000000100000000000000100000000000100000001000000000001000000000000000000000000000000000
00000000000000000000001000010000010001000001001000000000010000000000100000001000010011000000000000100
10010000000000100010000100000001000000110000000000001000000000000000000001000000000000000000010000000
11000100000010000000000000000000000000000100000000000000000100000000000000000000000000000000000000000
00000000000000000000000000000100000101000000010000000000000000000000100000000000000000000000100010000
00001000000000100100100101000001110000000000000000000000000000001001010000000000000000000000000000000
00000000010000000000000100000000000000000000001000000000000000000000000000010100000100000001000000000
10010000000000000000000000100000000010000100000100000000000000000000010000000000000001010000000000000
00000000000000000100000001010000000000000000000000001000000000000000000000001000000100000000000001010
00000000000001000000100000000000100010000000000010110100000001010000000000000100000000000000000000000
00000000000000000010000000000000000000000000100010000000000010000000101000001000000000000010010000010
10000001010000000001000010000000010000000000000000000000000101001000000000000000000000000000000000000
01000000000000001001000000100000000010000000001000000000000000000000001000100000000000001000010010010
00100000000010000000000000000000000000000001000000100000010001000000010000000000000000000100000000000
00000000000000100010010000001010000000000000010000100000000000000000000000001000000000000001000000000
00000000000110000001000000100000100000000000000000000000001011000010000000000000000100000000000000000
00000100000000000011000000000011001001100000100100000000100001000000000000000000001000000000000000000
00010000001000000110000001000000000000000000000000110001000010000000000000000000000000100000000000000
00101000000000100000000000000000010000000000001000000000000100000000000001000000000000000000000010000
10100110100000100000000000100000000000100000010000001000000001000000000000000000101100000100000000000
00000000000000000000000000000000000000000000000000000010100000000000000000001000000000000000000000010
10000000000000000000000000001101000010000000010010000110000000100000000000000001000000001000000000000
00010000000000010000000001000000000011001000000000000000000000000001000000000010000000000000000010000
00100000100000010000001000000000000000001000000000000100000000011010000000010000010001100001000100000
10001000000000000000000000000001000000000000000000000000000000100000000100000000000000000000100000010
00000001000100001000100010000000000001000000000100000000000100000000000100000101001001000000010000000
00000001000000000000000000000000000000000000001000000000000010100000001000000000000011000000000000000
00000000010000000000000100100001000000000000000000000000000000000000000000000010000000000000001000000
10000000000000000000000000000000101000000000000100000000000000001000000000100000000000000000000000000
00000000000000000110001000100000000000000000000100000000010000010010000000000001001000000001000000000
00000000000010000010000000010000000001000000000010000000000000000000000000000001000000000000001100000
00000000100000000000000001000000001000000001001000000000000000010000000000000000000000000001000000000
00000000001000000100000000010000000100000001000000000000000000001000000000010000000000000100100010100
00000010000000001000000000000000000001000000101100001000000110000000000000011010000000000000000000000
00000000000000000000000000000000000000000000000010000100000000000010100000100001000000001000001000000
00000100000010000000100000000000000100001000000000000010000100000000000000000000000000000000010000010
00000001010000000000000010001000000000000000000000000000000010000000011001011000000100000000000000000
00000000000010000000000000000000000000000000000000000100000010000000000000000000000010000000011001000
00000000001000100000000000000000000000000000000000001000000100000000100000000000010000000001000000000
10000100000010000000000000100000000000000000000000000000100000010000000000000000000000100001001000000
00000000000000000000000000000000000000000000000000000000000000000000000000000000000000000000000000000
