00001011000111101000001010000101100000100100000000000100000001000000010010000000001010000100000100010
00101000000000000000001010010000100001011010100001001010000000111011000000000000000000111010010000001
01000010110010111001000101001010000101001000101000000100000010000000010010001111011000000000110011000
00010000001000000010110000010001100010100101000000001001100001101011000000000101100000010000000010000
11000000100110000000101000000000010001010011100110001000011000100001000111001001000000000101000000010
01000000010101010000001010000100110100100000000000000001000001001000000110111000010000001100101000010
00010000000110010000000000011000001000001011000001000000000100000111100001000010000100010001001010001
11011101011000000000000001011000000000100000110100100001100100101000001101000000000110000001010001100
10001000000010001000000111100001000001010000000000010000010011110000001000000000000000000101100010000
11000010100000000100110111000011011000101000100100011101001000100101001001000000000100000100001010001
00000000100100000001000001101000110010010100000000000100110000100000000001000100111100000000001100101
01111000001000001000000000111000010001001000111000000010100000000100000000000000010010000000111000000
00001000000111000010000100001010000100100000100000000000001010010100010000000101101000110010000110111
00000000001000101000011010100100011100001100000001000101101100100101100100100000000000000000010110100
01000000000011001110000000000010000000000100001110111000001100000010001110010000101110010010000000100
10000000000000000001010010000000010001000000001010001101000101000100000010000001110100000110000100100
00000110010010000010010010100001000010000001000010000000001001110110001000110111101100100000000000100
00000101000011000000000000000000000000000010101001000001000101000000000000001010001100001001100110000
00000100000010100100010001000010001100011000001011100000000000010000001100010100000100000000000100100
00001000000001100000100100000000110001101010000000001000001000001010010110000010000000011000000000000
00100001001110110000000000100010000001101000000010000101000000000010000000000010010001100011000100000
01000001100001010001010101000000000101010110000001100100001000010100010110000000000001010011000100000
10100000000000000010010100000010000000000000000010010010000101100100000000000000000100000000000000100
10100000111000010001000100000010000001000101000100000110000000000001011011111000100000000000000100000
10000000000110000101000100010000000000000110000101100000100000000100011001000000000000100010000000000
00000001000101010010000101000000110001000000010000000011100100000001000001001000010001011000000010010
00100000000000011000000000000100000100100001110000001100000001000010000000000010010000000010000000100
00000010000000010001100001000000100010100100101000010000010100000000000010111100100001001011111100001
10001000100100000110100000100000000001100110000000000000110000001000000101000000010110000010001000001
00000100000100000000010000101010001000000000100010100101001010001000001000001010010000001100001000000
00010000000001000000100010101000101101000010000000100000000001010100000100000000000010011000000000001
00101101000010000100001001000010100000010011010001001100011011000100000000110100000010100001000101001
00000100000010010101101100101001100100001101000100000000110001100110010001000101000100000010100000111
10000001110011100011000010010000001000010011101100100010000111000010100000001000000000000000010000000
00000100000001000011111100000001010001001000001000000100011001011000000010001000001000000100010010011
10010001000000100000001010001001001000001010001000100001010010110101010000100000100101010101010010000
10011010001000100010010000100000100100000101011101001010011100000001001100000100010000001000001010101
00001010000010010010100000000101100010101000111000001000001101000000000000000110000000000001000100100
11001100000100010001110101100010011000110000000001110001000001000010000010100000101000000010100011000
00000001100100000000000010010000101100100011001011101000100010010001001100010010000001001000000010110
00000000111100000000000000000010010000000101100000000100000001110000010100101000000100001000000000000
01011000100100000100001000010001001100000001001100000110010010010000010000001001001010010001000100001
00000000001000100000100011010000000010000000001110000010000100010110001010010001010000001001010110000
01010100000100000101000000110001010001010011101000001001000100001100000000000110001101000011000100010
00100001000000001010100000000001000000100001001100100001011011100001000100011100100000011100101010001
00000010001000000000000000000000100100000101011011100000000100010000000010000001000000001100001100100
01001000000010000000100101000000000001100011000100100010000000010000001100100000111000001000000000101
00000000001110010100000100000010000000001000010001000001100010011001000001110000000001000100101001001
00000111101100000000100010010000000000000001111000000000000000001110000000110000000100100000000001001
01010110000010000000000000100001000110001000010100000000011001000101001110011000100000000100100100000
00100010000000110000100001100000001010000000000100110000000000000001011011000101000001000000010000000
00100000010000001000010100000100100000000000011100010101000110001001000100101001100101000011010001100
10010110000000000000000101010010100000010000001011001000100010000000000000010101110110001010001011010
00001010000100110010000000000001100010000001100000001000011010000000000001101001000011000000000000100
11000010000000000000011000000000000011011000001000010000000001001000000100100000000001001000000000100
00000101001000000100000010100100000010000001000010000001010000000000000001010010110001000000010010100
00000000101001000000000000000100001000010001000101100000000100000000100000000000001100000000110100000
01100000000000100000000000000000000101000000001000000010000000010000001000100000001000101101001000101
00000001100000011100000000010100000100010000001000000000001001010110110000000000000010010011000000000
00100110000000010100110110000000001010001110110101001100001100000010000001000000000110010010011000100
00000001110000010101010100100000000000101010100010000000000101111001000000001000100101100101100100000
01100010100011001000000000100101000100000000001001100000010000000100110000000000010010010100100001000
10000000000001000110100000100000001000101001000000000010000000000010110001010010000000000001000001100
10010000000010100101001000001011010100010010010101100000000000111000000101010000000010100001000000000
10001100001010011000000011000000100000000010101100100011000010010010000010001001000000100000010010101
00001000001011000000010000010001000000010111100010011000000101001101011110001001011010010100000011001
00101000000001000010110010100100000010000000010001000000000101010000000011000001101000100000100101000
11000000100001011000000010010010001001000000011110101101000000000000010001000010000000110000001010100
00000001001100000000010000000001010010000001100100000100110010100000100001010110000000000000100000001
11001001000000000000000001000011000001000001000000000000000100100010110000101010000111100000010001000
10010010111001010000000000010001000010000000010000000010010001000001000000000000100000001100000000100
00010000000010001010100000100010001000111000000000110000101100000000010011001000000010000010010010000
10010000101000001010000000000100010011101001100001001100000001101000001000100110010100100010110001111
00001010100000000010100110001000001001100111010100001000001000000011001110000101101000010000011000000
00100100000100001000010000010001000000000000000000011001010100010000010010100010010101100000011010000
10000010010000000100000001100100010000000000000010010000000000101100000010000000100010110001000000011
00011001000010010100100111000011011001001000000001110011001000011010100100000010010001010010001000000
00000010000000100110000010001000001000010101100000000100000100100000000010010100110000000000100011000
01000001000101001000100100010110000000000000000000100100000000011000101001000000000000001000000000100
00011110000001110000000000000001100000000010011000010000010010000101000100000000100000010100000001010
10100010010000100000000011000011000011000000000000100001011001100100000000000000100010000000000000000
00101100000100011001000101101001010010010000000000000000000100010000000010000100000100010000000000001
00010001000000001001000001010010100000000101000000100110001000000111000100001000000010000000000100000
11010000000001000110000000000001110000010001000011001100000001011001001010100101000001000001100100110
10111010001100000010010001000010001000000011000001000000100000101000001100010000001100100100010100000
00100001000000100110001001000100100001000100000110100000000010000000100010010000101100010001000110000
11100010111000000000000100001000010010000001010100000000000000110000000101000000010010111000010000110
00000100000000001000100000000100000010000110010110000000100000100000010010010001100100010000100100000
00001000110100011000001001000101110110001000110010000100010100110000000010001101000010100100001100000
00000000010000100011000001000001000100000100010100011100100101010000000110001000001001001101000001100
00100000001000010010000000100101010010000101110001000100101000000000101010000000000001011000011000000
10001000100000000000100111110010101010110001000001000000100000100000000001101000000100000001001000010
11000010010000010101001100000110000100100101011010000010000000010001111001010001010110000000000010000
00111001100011000001010010010001000001000000000000010101111011000110001100000000000011100000000000001
00100000011001101101000000100000001001010100011101000011011000001000000000000000001001101000011000100
00000000000000000000000000000000001000011000100100000000011001110101010100001000000001001001000000101
10000000000101111010010000000001001110100000001001110101000100100001000000000000000000010001100000000
00000011000000010000110001110000000000000010000000100101100010000000000101000000100100101100000000101
00000100001000100001000110110010100001000110100010101110111100000000000000001001010000100100000001010
00010000010101111010001000000000000100000000100000001001000010000000010100000010000010010000000000000
00100110000000000011110000100011000100001000110000100001001101101010101000000011000000010001000100010
