00000000000000101010010000000000000000000100000000000000000100000000000110000000000000000000000100000
00001000000000000000000100000000001000000000000100001101000000000010000000000000001000000000000000000
00000001000010010000001001000000000000000000000001000010000000001000100000101000001000000001100000000
10000000000000000000000000000000000000000010000010101000001000010001000000000001100000010000001010000
10010000000000000000000001100010000010000000000000000000000001000100000000001000010000000001000000000
00010001000000000000000000100000010001000000000000000100100000000000000001000000000000000000000000010
10000000000000000000100000000001000010000100000010000010000000001000000000000000000010000000000000100
00000000001000000000000010000000100000000000010000000011000000000000000000000000000001001000000000100
00000001000000000000000000000100000000000000000000000000000011000000000000100000000000000000000000000
00010000000000000100001000001010001000010000000000000100000000000000000000001000000000000010001100000
00001000010000000000000000000000000000000010100100001000000000001100010000001000000000000000000000000
00000000000000000100001110000000000000000100001000000100000000000000000000000000000000000000100000000
00000100000000000000000000000000100000000000000000000101000000000000000000000000000000000000000000000
00001000100000000000000000000000000000000000000000000000000000000110010100000000000001000000100000000
01000000000001000000000110000000000000100000000000000000010000000000000000000000000000000000000000000
00010000000000100000001000000000000000000001000000000000000000000001000000000000000000000001000000000
00000000000000000001000000000000100000000000000000000000000000001000000000000000000000000001000000000
00000000000001000010000000100000100000000000001010000100000100000000100000000000010000000001000000000
10000000100100100000000010000000000000000000000000000000000000000000000000000000011000000000000000000
10110000100001000100000000000000000000000001000000000001000100000100000000000100010001000000000000000
01100010000000000000000000000000000001010000000000100110000000000000000000000010100000000000010000000
00000000001000001000000000000000100000000000100000001000010000000000000001001000100000000011001000000
00100000000000000000000000000000100000000000000000001000000000010010000000100001000000001000000000000
01000000100000000000000100000000000000000100000000000000000101000001000100000000010000000000000000000
00001100000000010000000000000000100000000100000010000000000000000010000000100000000000000000000000000
00000100100100000000000010100000000000000000000000100000000000000000000101000000000001000100100000000
00001000001000000000000000000000000000000000110000000000000100000010000000000000000000000000000000000
00000000000000000100000000010001000000000000000000000000000000000100000001000000001010000000000000000
00000000001000000010000000000000010000000000000000010000001001001000000000000000000010000000001000100
01100000000100000000101000000010000000000000000000000100010000000000000000000000000100001000000000100
10001000000001000010000001000000000000000000000100000000010000000100000000000000000000000000100000000
01000000000000000100000100000000000000001000000000000000000000010000000000000000010000000000001000000
00000000000000000000000000000000000000000001000100010000100000000000000001010001000100010000001000000
00000000000000000000001010000000000000000010010000001001010000010000011000000000000000000000000000010
11000100100000000000000000000000000000000000000010000000000000000100010000001000000000000000000000000
00000000000000111000000010000000000000000000000000000000000100000000000011010000000100000000000100000
00000000000010000000000001100000000000000100000000000000000000000000010000000000001000000000000000100
00000000000100000110000000000000000000000001000000000000000001000000000010000000000000000000101000000
00001000000000000000001000000000010000000001000000000001000001000000000000000000010000010100010000000
00000000000000000000000010000000100000000000000000000010000000100000000000010000000100100000000000000
00000000000010000000000000000000000000010000010010000000000000000000000100010000100000100000000000000
10000000000100000000000100000000000000000000000010000000000000000000000000000001010010000000000000010
00000000000000000011000000000111000000000000000000000000000000000000010100000100000000000000000000000
00000000000000000001000000000000010000000010100000000000000000000000101000000000010100000000000001010
00000100000000000001000100000001000000100000000100100000000010001000000000000000000100000000000100110
00010100000000000000000000000000100000000000001000100000000100001000000000000000000000001100000000000
00100100000000000000001000000000001000000010000000010000100011000010000100010000000000010000000000000
00000000000000000000000110000010000000000000000000000000000000100000000000100000000000000000000000010
00100000000110000001010000000010000100000000000000000000000100100000100000000000000000000000001100000
00000100100000000000000000110000000000000000000000000000000000100000001000001000000010000000000011000
00010000001000000000010000000100000000000100000100000000000000000000000000000000000100000000000000000
10100000000000000000100000001000000000000000000100000000000000010100010000000000000000000000000000000
00000000011010000000000000000000000000000000000000000000000000000000000000000000010100000000000100000
00000000000000011000000000000010100000000000010001010000000110000000000000000010000000100100100000000
00100000001000000001000000000000000001000000011010010001000000000000000000000000001000000000000000000
00000010000000000010010001000000100000000000100000001010100000001000000110000000000000000000000000010
00000000000000000000000000000010000000000110000000100000000000000010000010010000000100001001000000000
00000000000000000000000010000100000100000000010010000000000000110000100000001010010000000000000000000
00000010000100000110010000100000000000000000000101000000000000001000000010001000000000000000000000000
00001000010001000000000001000000000000000000000010000000000000000100100000100000000000000000000100000
00000000100000000000000000000000000000100010000000000000000010001000100010100000000000000000101000000
00000000000100000000000000000000010000000100000100010000000010000000001000101000001000000101000000000
00000000000000010010000000000000000000000000000000000000000100000000000000000001000000000100000000100
00000000100010001000010000000000000000000110000000000001000000000000100000000001000000010000010000000
10000100000000000000000010000100000000000000100000000110000000010001000000000110000100000000000000000
00000000000010000000000000000000010000001000010000000000000001000000100010000000000000000001000000000
00000000000100000101000111000100000000000100000000001000000000000100000000000000000010000000000000000
00100000000000000000101000000000001000000000000000010100000000000000000000010000000100000000000010100
00010000000000101000000000000000000000000001001000000000000000000110000010000000000000000000000000000
00000000000000000100000000010000000000000000000000000000100000000000000000100000000100000000000000000
00001000100000111100001001000000010000000000000000010001000000100000000000000000000000000000001000000
00001000000010000000000000010001000000000000001000000010000000000000000000000000010000000010000100000
00000000000000000000001000001000000000000000000000000000011000000100000000000000000010000000000000000
00000000000100000000000100010000100010000100000000000000000001000100000000000000000000000010000000000
00000000000010100000000000000000000000000010000001000000000000000100000100000000100000000010100000000
00000000000100000000000000001000010000000000000000000100000100000000000010000000000000000101000000000
00001000000000000000100000000010000001000000000000000100000010000000010000000000000100010100001010000
00000001001000000000000000000010000000000000000000000000000000100000000000001001000001100000000000010
00100000000000010000000000000000010000000000000000000000000000000010000000000010100000000000100000000
00010010000000000000000100000001000100000000000000000010000100000000000101000000000000000000010010000
00000000000000000000000000000000000000000000000101000000000000000000000010000000000001000000000000010
00000011000100001000000000100000000000100000000000000000000000100100000100000000000001000100010000100
00000001101000010000010000000000100000000000000000000000000000000000000100000000000000000001100100100
00000000000000000000000000000100000000100101010000011001001001000000000000000000000000000000000000000
00001000000000000000100011010000000000000000000000000000000000000001000000000000100000000000001000010
00000000000000000000000001000011000100000000010000000000000010010000000000001001000000000000000000000
10000000100000000000000000000010100000000000000000000000000000000010000000000100000001000001000000100
00000000101000001000000000100000000010100000000000000000000000000000010000110000100000000000000000100
00000010100000000000000100000100010010000000000000000000010000010000000000000000000000010000000000000
00000000010000000000100000000000000000000000000000100000000000000000000100000100000000000000000000000
00000000100000000000001000000000010000000010000000000001000000000000000000000000000000000000000000000
10001000000000000000100000000000010000101000000000000100000000001000000100010001010111000000000000000
00000000011000000000000000000000001100000000000000000000000000000000000000010001010000100000000000000
00010100000000000000000000000100010000000000000000000000000000010000000010000000010000000000000000000
00000000100000000000000010001000000011000000010000000000100000000000100000000000000010010100000010000
00000001000000000000000000000000100000001000000010000000001000000000000000000000010010000000000001000
00100000000000000000000000000000000000000001000000000000000010000010100000000000000000000100000000000
00000110000000000000000000000000000000000000000000000100000000000000000000000000000000010100000001000
00100100100010100000000000000001000000000100000010000000100000000100010000010000000001010000000000010
00100000101000100010000000011000000000000000000000100100000000000000000000000000000000010100000000000
00000000000000000000000000000000000000000000000000000000000000000000000000000000000000000000000000000
