10000000100000000000000000110000000000000001000001010001000000000000000000000000000000000000010010000
00000000000000000000000000000000000100000100000100000000000010000100000110000000000010000000010000000
00000100000000000000001000010000000000000111000100000000000010000000000001000000000000000000000000000
10100000001000000000000001001000000000001000000000000110000000000000001000001000000000001000000000000
00100000000100000000100010001000000010000010000001000010000000000000000000000100100100000001000010100
00100000000000000000000000000000000000000000000000000000000000000000000000000000000000000000000000000
00000000000011100000000000000000000000000000000000000000001000000000000000000000100000000100000000000
00001000000000001010000010000100010000100000000001000010000100000000000001000000000010000100000000000
00000000000000001101000000000000001001000000000000000001000000101000000001000000000000000000000000000
00000010000000100000000000000000000000001010000001100000001011000000000001000000000000001000000000000
00000010000001010000010000000000000000000100000000000001000000000000000011100000000000010001000000000
00000000000000000000000000000000011010000000000001000000000000000000000000010000000000000000000000000
00000001000000000000100000000000000001001000010000000000100000000000000000010010000001000001000000100
00000000000111000000000110010000000000000010000010000000000010000100000000000100001000000000000100000
00000000001000000000000000000000000000000000000001010000000000001001000000100000100000000000000100000
00000000000000000000000010010000000000000000100010010000000000000000001000000000001000010000000001000
00000100000000000100010000000000000000001000010000010000000100000000000000000000000000000000000000000
00000000000000000000000000010000100000000000001000010000100000010000000001000001000000000110000000000
00000000100000000010000000100000100000000000100000000010000001000000000000010000001000000000000000000
00000000100000000101010001000000000100000000000001000001000000000100000000000000000000000001101000000
00110000000001000010000000000010000000001100000000000000000000000000000001001000101000000000000000000
00000000001000000000000001000000000000000000000001000000000000001000010100000000000100000000000000000
00101000100000000000000001000000000000010000000000000000001000000000000000000000000000000000000000000
00000100000000000000001100000000000000000001000001000000100000000000000100001000000000000000100001000
00001000000000000000000000110000000000000000000000100000000001010001000000000100000000000001000000000
10000010000000000111000000000000000000000001000010000000000000000000010000000000000000000100000000000
00100000000000000000000000000000000000000000000000000000100000000011000000000001100000000000000010000
00010000000000000000000100100000000000000000000000000010000000000000001001000100000011000000100100000
00000000000000001000000010000000100100010010001001000000000000000000000000000000001010010000000000000
10000000000000010000000000000100000000000000001010000000000000000000000000000000000000010000000000000
00100000010000000001000000000000000000000000100000000000001000000010010100010000000000000000000000000
00100000000000000000000000000000100001000010010000000000000000000000000000000000000000000000000100000
00000000000000000000000000100000000000000001000000100000000000000000000000000000000010000001000000000
00000000000000000000000100100000000000100000000000000000000000000110000000010010000001000100000000000
00010000000000000100010000000000000000000000001000000100000000000000001000100000000000100000000000000
00000000000010000000000000000100000000100000000000000000000100000000000000010000000000000010000000000
00000000000000000000000000000000000000000000000000000000000000010100000000100000000000000000001000100
00001000001001000000000000010010000000000010000000000000000000100000000000000000000100000100101000000
00000100000000000000010000000010000000000000000000010000100100100000000000000010000000100110000000000
00011000100000000000001000000000000000000000000100000100000000000010000100000010000000000000000000000
00000000000000000100000000000010000000000000111000010000010001000000000100000000001100110000100001000
01000100000000000000000000000000010001010000100000000000000000000000010000000000000000000100000010000
00000000000000000000000000000000000000000110000010011010000000000000000000000000000000000010110101000
00000010001000000001000000000100000000000010000010000001001000000000000000001100000100000000000000000
00000000000000000000001000000000001000000100000100010000010000001010000000000000010000000010000000000
00000000110001000000001000000000000000000000000000100000000000000000010000000000100000000000000000000
00100100010000000001010110000000000000001000010000000000000000110000000001000000000000000000000000000
00100000000000000010000110000000000000000000000100000000000000000000000000000000000000000000000000000
11000000000000000100000001000000010000000110010000000000000000001000000000000000000110000000000000000
00000000000010000000000000100000100000000000000000000000000000010000000000000010000000000000000101000
00000000000000100000000010000010000100000000000100000001000000000100000101100100000000000001000110010
00010000100000000010000000100100001000000010001000000000000000000000000001000001000000000000100100010
00000000000000000000000100000000000000000000000000000000000010000000000000000110100000000000010000000
00000001000100000000100000000000000000010000000000000000000100010000000000000001011000000000000000000
00000000001000000010000000000011000000000000000000000000000110100000010000000000000000000000000000000
00000000000100100000000000000001000000000000001000010001000000000100100000000000000000000000000010000
00000000010000010000001000000010001000000001000001001000000000000000000000001000000000000000000010100
00000000000000010000001000000000100000000000000000000011000000000000000000000000000000000000000010100
00000000000001000010000000000010000010000010100000001100000000000000000000000010000000000001000000000
00100000000000100000010000000001000000100000000000000100000000000001001000000000000000000000000001000
00000000000000000011000000000001000000000000000000000110000011000100000000000000010000000000000000000
00100000010000000000000000000000000000000000100000000000000000000000000100000000001000000100000000000
00000000000000000000000000100000000100000000010000010000000000000000001000000000010000100001010000000
00000100000100100100000000001000000000000000000000000000000000000000100000000000010000000000000001000
00000000000000000010100000000000000001000000000000000000000000000001000000000000000000010000011100000
00010000000000000010000000100000000000000000000000000100000000000000000000000000010000000101010010100
00010110000000010001000000000000000000000000011000001000000010000000000000000010000010000001000000000
00000000010000000001000000000000011000000000000000100000100000000000000000101000000000100100100000000
00000000001000000100000100000011000000100000000000000010000000000000000000000000001010000000000000000
01000000000000000000000000001000000000001000000100000100100000000000000000000000100000100000000011000
00000000000010101100000000010100010000000000000000100000000000000000100000000000000011001000000000000
00000000000000000101000000000000101001000010000000000000010000000000000000000000010000000000010000000
00000000000000000001000000000000000000011000000001100000000000000000000010000000000000000000000000010
01000000000000001000001000000000000001000000000000010000000010000000000000010000010000100000000000100
00000000000000000000000000000000101011000000000000000000000101000001010000000000000000000000000100000
00000000000000000001000001001000000000000000000010000000100001000100010000000000000000000000000000010
00000000000000000100000000000000000000000000100010010000100000000000000000000100000000100000000000000
00000000000000001100000001000000000000000000000010000000000000000000000000000000000100000001000000000
00000000000000000000000010100000000000000000000001000000000000000000000100001000000100000000000101000
00000000000000100001000100100000000000000100000000000000000000000100000000000001000000100000000000100
00000010101000000000010000000000000000000100000001010000000000000000010000000000000001000000000000010
00000000000000010100000000001000100000000000000000000000000000000000101000000000000000000000001000000
00000001001000000000000001000000100000010000100100000000000000000000000000000000000000000000000000000
01001010000000000001000001000001000000001000000100000000000000000001000000000010100000000010000100010
00101000000000000011000000000000000000000000000001000000000100000000000000000000000000000100000000000
00000000000000000000000010001000000000100000000001000010000000000100000000000010100001000100000100000
00000000000101000000011000010010100000000000000000000010000000000000000000000000000000000001000001010
00000000010000100000000000100000100000000000000000010000000000000000110010010010000010000000000100000
00100000000000000000000001000000000000100000000000010000000000010000000001000000000011001000000000010
10000001010000000000010110000010001000010000000000100000000000001000000010000000100000000000000000000
00000000001000000000000100000010000000000010000000001000000000001100000001000000000000000000000000100
00000000001000000000000000000000000000000000000000000000000000000001000000000010010000000010001100000
00000000100000000000000000000000001000000100000000110000000000000000000010000001010000000000000000000
00000000001000000000001000000100000001100000000001100000000000001000001000000000001000000000000000000
00000000000000000000000001000000000010100100100000000000000000000000000000000000000000010000000000000
00000000001000000000000000101000000000000001000000000000100000000000101000000000000001000010000000100
10000000000000000000000000000000000000000000000000000000000000000000000000100100000000000000001000000
00000001001000000010000000000000000000011000000100101000000000001000000000000010001000000000000000000
00000000100000010000010000000000000101000000000001010000000000000000000000100000000000000000100000000
00000000000000000000000100000000100000000000000000001001000000100110010000100001000001000000000000000
00000000000000000000000000000000000000000000000000000000000000000000000000000000000000000000000000000
