01001000010000100010000010001000010001100000000000111001000100000101000100010000000000010010100100001
00000000000000000100001000011110000010010000000100000000010100011000100100000101000000000110001000000
00010010000010001001000001110000111001000001000000000010000000000000010000000011001101100000000000000
01001100000001010111000100000000001000011001000001000101001000100001100001100001010100100000100001000
10001110010011010000010000000101000000000000100100000001001000000000000000010100011111011101100000110
00000100000000101000110000000010001011001000000011010000011000000000001100001000000000101000000000000
10010101010000010001000000000000001100001000011001110110000100101000010000110011100100001000000001110
11100110001000011101000001001000001110000001101000000000000000000001000001101000000001010000010100001
00000010001001000000011010100011101000000010000000000000000011010000000000000000000000000010001000010
01001100010001001000100000101010001010000100010000100000000000000010010000100001000101010000100010000
10100001000100010000010100000000110010000001000000010100000010100000001100000000001000000000000010100
10000000100000010010000000000000001100000010010001011000000000110110010001001101001000001000101000110
00001000010011010000101100010000100001110011000101010001000010000001100010000000100000101000000101010
00000001000001000000110010000100000100010001000011010000101010000010100000000010010100010100100010101
10000101001000000110100000101010100000000100000001001010100011011010000010000000010000000000010101101
11011010101010000000001001000000001000000001000100000001010001100001000001100001111011000001000110110
00001000000010001100010111000001110001010010000000000011001000000000101010000011000010000010000100001
00000000010000011100100000000010100000001000110000001000010000110000010000010000100010010010110000000
00010000110001100101000100101001001110111001100000000001000000101001010100100000001001000001000000001
00101100101010000000000000000000000001100001110000100001000100100100100001010000000001100010110000000
00000001000000000000000010010001000000010010000010001100010001010000001000010001011000100001000010110
00100000000001001000001111011100000000000010000010000010101110001010100001001110000000110000001100100
01000000100101000000000000000010010001000000000000000000000000100000011000101110010000000101000000101
00000000000000000100000000100110001001100100010000000000010001010010000100110000000001001000001000001
11000010111100101000001011000001100100011000000100000000000000000001000000000000001000000001001000100
11011100000000000000000000100001110100000111000000000000001000001000000100000001010010001100001000000
00010100110001010000000100010011100000000001110101000100111010100000100100001000010001000000000000100
00001100000100010000000000000100011001100000101000101000011010001000100000100001001001000000010010000
01000010000010110011000001110101010100110001000000000100001101001011000001001000000010011000000000010
00100001001010010010001000110100001010010010010000000000000000100100000100001000000111100000000000111
00010011011010001010000000010000100000000000000100000000101010010000001110011110001000001001110000010
11001001100000000100100100100000000000001010001000101000000000011000001110010001000000000010000100010
00000000000000100100000111000101000010000001100000101010101010010000000010111100000010000110001001000
00000010000110010000000000001000100100000001000010000000001000010110000000101000001000110001001000001
00000000000000000100100100100100000000101100100110110110010110001000100011110010110001011010000000001
10000010100001000000100100000110001110100010011010111010010010100001000010001000100100001000000100000
01000000110000100000000000010100001110000000011001000000010000000010001000100100110011101000000100001
00000000010000100100010000100000010001000001000000000000101111101010100000010000110001000011011010010
00000000001011110000000100001010000000000110000000001000010001000001001000000000000001000010000000000
00000000001100101000010000101000010000101000010001001010000010100000000000010101001100000010101011000
00110000100100000100010100001000000010000111101110000000000100100011000100100010000011000011100000100
00001011000000001000000000110001010110100010001001000000000000010110010000000100000000000000010100000
10001000000001100010000010000000000000000000011100110010100010010000000000101000000110010001010011000
00010010000000000001001110010000010001000000000000101100110001000100000000000000000100000010000000000
00001000100000101010000010000010000001010010000010000100010001101100000010000010000001010111100000100
00000000000110100001000000001000010001000110010110000100110001001101010100000000000010011010000010000
10101100001000000011100100000000000001011000000110001010010010000001000000100000100000001010100100100
10000000100010000010000010100000100001101011010000000000000010000011000010110000000001000100101010010
00000000000000001000010110000010100101001000101000000001000100011000000100000000100100001010111000010
00000100000000000101011011000000100000011100000100010111000110110100000000000110000000000010000010111
00100100000000010101011100000010100100100000000000011110001010000100100000100100101100000100101000010
01001000000010000010000010100011010011001001010000001000001001000100100010000001001100000101000000000
11000000101011011011111001010100000000001000000010110001100010000010010100000001010000010000000010100
00100000101100010000111111000001000000001001011110001000000000100000010001000001010000010100000010000
00001000000100100001000001000101000010001100000000000010110000000000000000001101000110100010011010001
00010000100001010010000010001001000010000100000001000110100000100000000000000001010101100000100110010
00011101011000000000100010101000000000000000001110100100001000111001100100000001000001010000101010000
00101000000010000100000000100000000001100110000000000000001101000000101100000010110000101001100000000
00000000101100001001000010100001010000110000000110000000100001100001111000100000000010000001010000101
01110000100000111000011100000011000001001000000110100010101001110000000100001000010100001001000100100
10000010000000100010000100001101100100100011000001000010000000000010000000000000000000101100010100000
10010110000010100000010100000010000000000000000100100100000001100000000100000000010000000100001000000
00010010100101000000100001000100101000100110101100101000110000000000000101010001100001010110101111001
00010001100000100010110001000001001001000100000011001001100100110010100001001010010000000000101000110
01001000000010000010000000000000001000000000000000000010000000010000000110000000101001001000001110010
11011100001100000001000000100000001010000000000000000110000000101000100000001001100001010000110001110
01000001000000000100111000001100000000010010000000000001000000100000100000010100110001001101010000010
00001000000000010000000000001000110000000000010001000010011000001100100101000110000100000000010000001
00100000000001110000100001010000011010100010000010010001010001001100001011100000100000011010110100000
10010101110100000011000010011010100010000001000000001101101001001100101100010001011111100000000010001
00100001000000000000010000000000100110000000110100101000010000010110100000000000000000011111001100000
01111000010000000000100011110100000010000010000100011000000000110000000100000110000110001001000000011
01001000100010010011010011000000001100000111010000110111100000000010001000000100100011100000000000010
00010101010100000110000000010000000010000000000010000000110000100100011000001010001000000000000100010
00110011000000100010101000010000000101000000101000000011100001000000100000010000000100000001000000010
00000111010011000100000100000000011110111110000000010001010000100000110000001110000001100100010110110
00000010000110000010100001000110100000000011000110011100000001001010100110100100000010000000010000000
01110000000000100110000000000100000000100010001100010101100000000000001010001001000000000010000010011
01010000001000000000000000100000000100000000001001010000000111100010000000100000001010000001000000000
00010000010001000110000000010000000011000000000000010101100100010001001111100100010000110011100000001
10001000000000000000100000100010100010000010010001101000011100010000100101000100000000100010000010001
10000100000100101000001001010000000010000001000000010010010000101101000000000001000001000010000010100
00010100010000100010110100000000000001100100100110001100000000000000000000000001000100000011010000000
00011100000010010000010000001001000010000010001001010000000100000000000101110000001100010000001011000
01100101101001000010000110011000000010011000000000100000100001011000100100100000010100000000001010000
00101001111110000001010000000000000000010010001001000100001100000000100010000000100100010000010001000
10001100010000100010000010000000000010000101111100000011100011001100000100000110000000110000010010010
00100000110000011000000001110010010000000000001000001011010000101000010000000010011001110110010000000
01010011010000000001101000000000100000100000000010000100001000001111000000000000001000000010001000000
10000010100010000011100010100011000000000000000100000000011011010001000000101011100110010010000100000
00100000001000000000000011100000000001001000000000000000011001001100010000000001000001100010101001000
00101101001101100000010100010010010000011011000001010001001010000000110000001000000110101100101000001
10100000100101100010101000110011000000000000001000001000000000100110000100010001101010000100000100100
00001000010000000000010100000000001000011000000001000000001000001000100001010010010100111000000100000
10010111111000100001110000011000000000001000000000101011101001010100100000000000011000110000000100000
00101000000000000010000100100000000000001100100000000000000001000001100010110010011111100100010010010
01001000101001110100010001010010000100000000000000000101100000000000000000000010000000000000001000010
10010000010000000001000001011000010000100000010110100111100010000100001001000000001010000011110011101
00001000101101100000000010000100100001000010010000101000010000000000000000000110000000000000000010000
00100101011000010000000000000000010000001010010100000000000010000001100000000001100100001000000101000
01011010101101101000000000000000000000001101101011111010000001001100001000000000000010010100010000000
