00001011000000100110100100000010100100010000100101110010100000000010000000010001000000000000011100101
00000000100000000000000100000001000000001100011000010000010110000001010000100000010000001001001110111
10000000000010100010000000000001010011000000100000011111010100000000100001000100001010000100010000010
10001000000101100010000000000000100001000101100100101001100000010000000000000001011000111000000010010
10000100110100000001100001001010110100110111011000011101110100100000001110010100100001000110100000010
00000101001000100001010001100100000000110000100000001000000000000100001000000100010101000100000000000
00010000010010000000000100000000000000100100100000100001001001000000011000000010010010000000100000000
11000000100000000100000101010111110000100011000001000000000001001101110000100110100010000000011000100
10001000010001100000100000001000101000011000001000010100011010100110011000000000000101000100001010001
01010100101100010001000000000010001100010001000100000000101101001100001011110011100000001000011001010
00011000000111000000001000100111010000000000100000001010001010000101000010101000000011100010000100010
01000010100101101001011000100100110100000011000000001000000011001100000000000010001000000010011000100
10000000000000000110010001001010000000100001001101000010000011100011010100001000110010000000000100100
00100010000000000110010010000010000000000000000000001000000000010000000000101100010001100001000110100
00101001000100000100010000100000010100010001000001000010000000000111001000000000000000000000001000010
10111100100000110010010010111000000000000001000001011000000000101001001000010101000100000010101110010
01011100000000100000001000100111110110000100000000010001000100001000001100100001000000000101000000010
10000100010101011001100100100110110010000110101000001100100001010100000111001011000000000010000000010
00100110000101000011000001010111000100000010100010101001000100000010010000000000000100011100010000100
01000010000000010000010000000100000110100000010000001100001100011010000000000100000000001000000000100
01000110000000010000000001000000000001000010000000000100000000100110000000000100000000001101100010000
00000101000001001000000000001001001000000010100000111000110001000001010000000100000000100000001011000
10010000000001010000000000000010001110010000100100000100000000010000000101000000000000010011011010000
10001100000000010000111000100000000001000110000101101000110000000001000100000100000010001100000110010
10000100000110011000000101010000010001001100100100000000000000010000000000000000010000101001010101000
10001000010100000001000110010000000000001000100100000100101000100000000001010010000010011000001000000
00000000001000010000000100000001010000110000000000010010001010000000000101000010000000100001010110000
10000000000000010000001111010100110000000000001101000110000000000100000001110000100000000000100000010
00000000001000010010100000100000000000000001100000000101000000000010011000010000010100100101100001000
01011000000101010100001110001000100000100100001000110000100000000000100000101001001001000000001010100
01000001000000000100100110001000001010001000000000100000100000000110000000001000000100000100001001110
11001010010000000001001000010011000000000111001000100000101010010010000101001000000000100000110000001
10000010000001010001000100000010011010000000101000001000000000000000100100000000010101000000001000000
01101000100001000000110100110000001100010100000001000100000010110000000001011000000000000000000001100
00101100000100011010000000010001000010101000000001010000000000100010100000100010001010010000000100011
00000000001010001010111010001000111110000010001000000100001010100110000001100001010000100001000100000
10100100100000000101000000000100000001101000001000000010000000000010001000000010011001000000010010100
11100000010001000000000010000001100001001010010001011000000100011001000010100010001000110000000000101
10000100011100100010000000010000000100010100000000011001110100100000001000000000100001110000000000001
00000001000100101110110100010010100000100000000010010001100001000000001101000000000010000100000000000
10000010000000000000100001010001100000011000110101100001100000100101000100001000000010000000001001100
10001000000000100000000100100000010000001101000010000000001100000011100100010000000001011001110001100
00001000000000000000000000000000000110010001100010001000000000100101000000001001000100001110000000000
00001101000110000000000001001000100011001110000010000001110011010001010010000000010010001000100100010
00010000001011010100010011001100000001010000010000100000000010101000001101000000000000001000010000100
00010000000000000000101011011100010001100100100010000000000010100010000000010000100000100110100000010
00110000000000100011000000001000101000010100000000100000000000000100000010000000100000001000001110101
00001100001001100010000110101101100000100110001010000000101000101011010100000001001000000000000000001
00000010000001000000000101010101001000010010000000000000001010000000010000100010000000000000000001010
00000001001010000000001010000100000101000001101100110001000001010110000001010000000000000100001101110
00001000100000001010100010001011010000010000110010100000010010100001000000000100000010100000000100000
10100100001000000000000011010000000001001110000000000001000000000100100000000100000000000100000001100
00000000001100101010010000011100000001010000000100010010000000101000100100001010000100000110000000000
01001000000101000010100000001011110000100000000110000000100100100000000000100010001101010000100000010
00001001010000111100101110001010000011000010100000110011100010010000110010000000000011000010000011000
00010100000011010000000000001110010000001001000001000000101000100001001010000110100100000000110000001
00000000000000100000000000110011010011001010000000101000011000001000000001110000100001000100000100010
00110010000000000000010000101000000000100000000000000000001010100100100000000010100011000100000000000
00010000001100000001001000000000000010011000000011010010001001000010000011001001000000010001000010000
00000100100111000011000100001001000000000010000010100111010000000001100011110101001000100000000000000
00100000100000000011000000010001000000000000001101000000000000000001100101000001011010010000100001000
00000000101010000000000000001000000010101000000000010000000000100000000000000010000000100000000110100
00100010111000100000010000000000110001000000000001001010010000100000000100000000100000101001011000000
10000110000001000010000000011000110000000100100000101101001010101100001010000011000010000000001000010
10010000000000010011000000100010101001000001000010000101011000100010000000100100100101000000101000110
01110000000001100010001100010010100010000000110100000000001000100011000000100011010010000000000000010
00101110000000011001001000111000010101000000100010000000010001010001000101011000000000000000000011000
01101010110000001000000000010000000100010000001010010100110001000000000000001100100000010110000000000
01110000000101001001110000000101000000001000000100000100000000000000000000000100011110110000000100011
00000000000100100000101001010100000000000000100000000000010000010110000001000000000000001000110000001
01011000000100000000000100000000000100100100010011000000100000000000110001000000000100110001000100010
00000001100000000101101010001000000000001000100001000000000000000001100010011000001100011001000110001
10000010000110000000010011000111000100000000000101000000001010101011010000011000001000000000000000011
00000001000000100001000000100011000000100001000000010010000000100100010000000100000110000000000101001
00000010010000000100110000000001000110101001001000000100000010001011000000010000000110001000000000000
10100000100000001001110000101100000001011000000000001001100011101001110100000000000101000001100001000
00000001001010000010010001100100001001000000000000000111101000000010010110110000100000001010001000100
00000100000000000000000000000010000010100100000100110000010000010010000000100010100000000000011000001
10000010110001000100000000000100001000100000100000001000010011000000101011000001001010001000111101011
00000000001000100000111000100010000000001100001000001100000101000010010000101000010010000000111101010
00001000000001001100010011000001100000010100000011000001110000000001100100001100000000000101000010011
00000110111100001010000101001010100010000100000000100110000111000001110100110000100100110000111000010
01000000000100000010100000000010001000000001001101000000010110000000010100011010100000000000100100000
10110110000010000100000000000000001000011000000000100100000100100000000000010000000001100010000100000
00000101000101100011000000010001001101000000000010010000010000010000010100000100100100101010001100000
01001100010000000000010000000101010110101000000000000001000000100001001000000101010001000001001010010
01100000001101000010000010100001110000000100000100001001000000001100010010000000010100010100100100000
00001000011000000000000101000000100000101001000100000000001100110000000000100000000100000000011101110
00000100000000100001100110000000010010000100100000000000000001000000000000011000000000010100010001000
10000000001000001111000000000000000000101000110000001010000000000000110000000000101010110000001000000
00010000000010000000100000111010101011000111000000011001000001010000000011110000111001000000110100010
00110100001100000011010100000001011000100011010101000000001000000000000011000000000101000000001011010
01100001001000000000010000000000000001000000001000001001001001001000000000000000010010000011110000100
00010010001000000000000010000011001000100101001010100010100000000100010000111010010100110000000000100
00000000000100110000100000111000010000000010000010001011011100010000001000000000000001001100010010111
00101000000000001110000000110001111000001000010001101000000000000001100000001011100000010001100011010
00000001100000101011101000000100000100100100010001000000000101000101010000110011000000101100010000000
00000110010000000100001001000000100000010000001100000001000100000000011000100100000001001000000000001
00110100100010000100000100100001000000000110000100110001101000011000000000000000100010001000000000110
00000010100000100000010000100000010110010000001000000010000110001000100010100000000100010000010101001
00100000000010001000110000001001000110001010100000001010100000100001000000100101001001110001010111110
