<<<<<<< HEAD
10001000110100110100000000000100010000000000000100000100011000000010100000000001101110000101001100000
10000101110000000000001100000000011010100010100001000000000000001000000000100000110000100000000000000
00000001000010000010001000100000000001111000100001100000010001100110000000100000111000001000001010100
10110000000000010000000000100000110011000100101010000000001100100010000010001000000010001000010000000
01000011010000001100000010100100111001000001000100001001000001110001000010100000000000000101011000000
00000000101000000000000000000000011010000000101010010000000011000000000000010000100100000010000010000
01000100100111000100001001110000000000000000000100000000000000000010000110010000100000100000010110100
01011010100000100000101100000001000001000011010110111000000000100100001011010000001111000001000100000
10010000000001000000001000001000000000000111000000000100100100000010001010001010001001010011000101100
10001000010011100010001010011100010010000100010010100011010101000000010010001011010100011000000000100
01100000000111000101001000100010101001001100010000000000101001011000000000001000011010011101100000000
00010010001010110000000010000000000010101001001000000010110100000000100100010111100000000011100000000
10000000001010010000010011000101000000100111000000010000000000000111100001100101001010100000010000110
00000000000000000000000101000010100010000000000010000111000110100000001001011011000000010010000100000
00000010001100000010000000010001000100010010100100001001100101100010010000101100010001001100000000000
00000000100000010011000100000000001110101010000000001010000000011000001000001010100101000100011011000
10000000001010011100000000000000100001000001001000100000000000010000000000011000111000110000010000011
11100010001000000000000100000010000000000000000110100100010000100110100011010110100100000010100000000
01011100000010100001101001000111000100001000000001101001011011000110010001000001000000100000010001000
00010010000001110001001000101001110011011000100000001000000000000100111000000001100100000001000100000
00000100100000011000000000000000001000011110000001000010010100000000000000100100000010000011100000010
00100101011001000000000001101000000011000000010000110001000011000000001000100100001000100000010111000
10100000000001101100000000001000011100110011010000001010001010000001000010110110001100100011010000000
00001000000011100000000000011000011001011001000001000010000100000001010000000110010000000000000000010
00010000000010000000000001001110011010001110000000100000010001010000000001100111100010010000010110000
00001100001101010010000000100010010000000010000001000010000011110000000000000010010010000000000010010
00000000100110101001100011001100000000010000011000100000000000000011101000001001000011010000010001000
10101000100010010000000100000110000000000110000110000000101000011000000010010111011000010000010000010
00110000000101000010000001101001001000101001000001001100100000000010101100000000001010000101000111100
00000001001100000001100011000000100000010011000001001000100000000001000110001000010000000010100010001
00001001001001001101000110010000010000000000001001000011010010001000000001100001100011000010000000000
00010100000101000001000010110000001001010100010101000100100010000000001001101100010000100110100010100
01000001001000000010110101100101100000000001011000010010000000010000010000010000010000000000101101100
00100000000111000011000000011000000100001111001101000101001100000000000100001110000010111010001010100
00011000000100110000100000000010100011100001000100000010000000100010100000100000000111000010010001000
10001001000000000000001010100001100000011010011000000000000000001001000000000001000000110001010001000
00000000000001000000110000100100000000000100000000010010000100100101000000000000000001000001000001000
00000001001000001000010010000000000001100000100010010000100100000010100000010100010010000001010000100
01110000000001100100001000000000011110100110000100101010000010011010000100100011000001011101001101100
01000000100100011110001100100100010100000001000000100100000000000000000000000000010000001010000010100
00000000101000000000000101000001000001000000000010001100000000010001000011000100000001010011010000010
00001000000100000001000000010010000011000100000001000010000101100011000101000101010000100000110000100
01000000110100110010000001100001011101000000000010110000001010101100010101010001101101110000000100000
00000000010010001001000010000000000011001001000010000010000100011001000010001110111010011001000010010
01000100000000000100100000011000100011000001001011000010000000001000000000100010010000010010000110000
00100010000100000000010000100100010010011011010001000000000010001100011001000111111100000001000011100
00000000000100001111010101100000000100001001000011000010011010010001000000000000010001000000001000010
00011010010100000100000000000001000000000000100010001010001100010100100010010000100001001000000001110
00110100010000001000100000010001000111010001100010100000010100010000000010010000011001000000000000000
00000100010001010000001001100100000010000000000001001000100001000100100000000000001010011000000000000
01110000011000000001001100001010010100000000000011000000000000000010000110010000000000110010000010000
10001000000000000000010000101010000001101001000010000100101010010110100000000100000000000000010010000
00001010000010010000000000101100000010000000000000000100111000010000100000000101000000000000010010000
10000000000100000000010000001000000000001100000010000101000001001000100001000001110000000000100010010
00011000000100000100001001100010010000010000000100100100000011110000100001000100111101000000000100100
00011110000011101001001010101000000000110000000100000000100000100000100000011000001000010001000001010
00000011000011100000111100000001000001101001110011010000100000001100000111000110000000000000001010100
10010101010000100000010000001000011001000011110001001001000000010000000000100000101010000100110000000
00000000001100010001000101100010100001111010000010101000000100000000010100101010010010001100100000010
00000101000110001100001101011000000000001100000001000000000000001011001110111000011100000000100011100
11001000000000100000001010000000000000000001000011110110001000001000000010001000001001000001100000010
00010000000101000001000000001001000000000000010000000010001101101010001000100000000011000000000100000
01000000001010101000000010000010000010000100000100000001100001100000001000000001000010000001010000000
00110100000000110001000010000010010110010001000000010000100000000100000011000000111000011110000000000
01001001100100000000000000100000000100010000010100010001100000011000001001001000110000001001000000100
00000000000110011010000000000101000100001010000010100010000000000001101101100100111101001110001010010
01000010100000010100100000001100000000010101100011001110000000001000000011000001010001000001011010000
11011010100000000001101011001011010001010110100110101100000110001000000100111001000100000001010000000
01000000001001101110110101001011111010000001100100000001000000111010101000100100100000001010000001100
01001110010111100100110000000000011100010010000000000100011000100000010001010001100000010011100100110
01011110000000000010010000000100001000010000001000011011000000100000000100000011010101000111001000000
10000011000000000001100000000100010010000001001010110000100000100000000001001000000000100111010100000
00110010101000000101000000011100000000000000001001100000101101011010011000100000101000000000000000010
10001000000001100100001001001000010011000001000110000000100000001000000010000000000000001000000001000
01110100110000001000011000000010000000000110000010100000000000010000000001000001000001000000000000000
00000000000000000100000000010100000000010000100001000010001100000111010010011001001000111001000011100
00010000100100000000100000000000100000010000000010000001000010000010000101100011100010100000101000100
01100100001100100101000000000000000010000000010000000001000100110000000000010000000100100000000110000
00000011001000001100010000000111000000000101000100010000010100110000011010000010110100010010001110000
00100100000100000000000011001001000000001100000100000000000111000010001100000000010010000010011000100
00010100000010010011100000110000010000011000010100010000000000010101110100111101000010000111010000000
01100010000100000010001100000110001001000001100010000100000010010000000001001000001010101000110000100
10000000110010011010001010100100000110000001010100000001010011000001111101010001100000100000101011100
01000000000000000010001000000100101010100101010000111000001000000000010001000000000000110000111100000
01011100101000010000001000000000011000001000100100000111100000100000101000000001001010000000100000000
00110100000011100101110001110000000011101001100000100100010110011001000000001000110100010101000000110
11111000000001000010001000010000000101000100000100010001000000100010000001000001000000101000100000000
00001000010000101000000000010000000000000100100101100000010010001010000000000011000100000110000010100
10101110100000000000000100001010000001010001001010110000000000010000010001000000000000110101000100010
00000010010011000110000000010001001100000001000010010000000000010100000000100000100000000010001001010
01110000100100000010010100000110000000010100000100000000000000100100001000000100100010000000010000000
01110001000100000010100101001010000010000001010000100010000011001000000111000000001000001100100100000
10100110100010000000000111000000001000000000000010001000010000001111100100010000011001100000001001000
01010000010011000110010001010000000000110011000000001010101000011000010001000000000101001001011001010
01100100101000000000000000000000000000100000000000000000000111000010000001011001000000000000001000000
00010000000001110000001111010010000001000000010010000100000000000000110000010000100000000000011000000
01010110000010000001100010001010000010011010100000000000100100010011101000001001000100000000010001010
10000001000000000010110110001010010100000111000000011000000000000000001110100010010000000000010001000
00010000010000000100000000000100001000010101001001010111010000001101000110010001001000110000000001010
00000100000000101100010000000000000000001001101001100011100110010000010000000111000000000001010010110
00000000000000000000000000000000000000000000000000000000000000000000000000000000000000000000000000000
=======
01000000000000000000100000000000000000000000000000000000010000000101000000000000000010000000100000000
01000001110000000001000000000000001100000000000000000000010010000100000000000010000000000000001100001
00000001000100000000000000000000010000000000000001000000010010001000000000000000000000000000000000100
00000000010000000100000100000000000000000000000000000000000000000000000000001000000100000000000000010
00100000000000001000000000000100001000000100000000000000000000000001100000000010000000000000000010000
00000000100000000000000000001000000000000000000000000000000000100000000000010000000000100000000010000
00000001000001000000000010000000000000100000000000001001000000000000000000000000000000000000001000000
00000000100100000001000000000010000001001000000000000000000010001000000000000000001010000010000000000
00000000000000000001000000000000000000001000000000000000001000100000100010000000100010000000000010000
11000000000000000000000000001001000010000100000001000000100110000000000010000100000000000000000000000
00000000010000001010000000000000000000000000000000000000000000000000001000000000000000000000000000000
00000000000000010000000000000010000000000000010000000000000000001001000000000000100000000000000000000
00000000000000001000000000000000000100001000000000000000011000000000000000100001100000000000000001001
10100000000000000100000010000000000000000000000000100000000000010000000000000000010010000000000000100
00000000000000000000000000000000000001000000000000000000010000000000000001111000001000010000000000000
00000000100000000000000000000000001001000010010000000000000000000000000000000000000100000000000000000
00000000000000000100010000000100000000000001000000000010000100000000001000010000000000000000000000100
00000000000000000000000000000011000000000000000000011010000000010100010010000100000000010000000000000
10000000000000000000001000000000000000000100000000001001000000000000000000010000000000000000000000000
00000010010000001101000000000011000000000000000000000000000000000000010010000000000000000010000000011
01100000010010000000100000000000010000000000000000001000100010000000000100000000000010000000000100000
00001000000000000000000000000000100000001000000000110000001000110100000000000000000001000001000000010
00000000100000100000000000000000010000000000000000001100000000000011000001000000000000001000000000001
00010000000000000000100000000000000010000000000000000000000000000000000000000000010000001000000000000
00000000000000000001100010010000000000000000000000000000000000000001000000000000000010000111000010001
10000000000010000010000000000000000001000011010000000001001100000000000000000010000011001000000000000
00000000000001000000000011101001000000000000000000100000100000000000000000100000000110000000000000000
00010000000001000010000000000000000000000100000000000000001000000100000000110000100000100000100000000
00000000000100000100000000000100000100000000000000010010000000000000000000000100010000000000000000000
00000000101000001000000000000000000001000100000000100010000100010000000000000000010000010000000000000
00000000000000000000001000000100000000000100011000000001000100000001010000100010000000000000000110000
00001000000100000000000100000000000000000110000000000000000000000000001000000000000000000000001000000
00100000100000000000000101101100000001000000000000000100000000000100000000000000000000000000000001000
10000000000000000010000000000000000100000000000000000011010000000000000000000000000000001000000001000
00010000000001000010000000001000000000000001000000000000000000000001000000000000100001100000000000000
00000000000011100000000101010000000000000000000000000001000001000000000000000101000000000000000000001
00000010000000000010010000000000000000000000000000000000000000000000001000000100000000000100000010000
00000000000000000100000000000100000000000000000000000000001000000000000000010010000010000000001000000
00010000010000000000001000000000000100100100000100000010000000000000010000101000000000000000000100000
00000001000000000000000000000000000000000000000000000000000000100000110000000000000000000100000000000
00000000000010000000010000100100000000000000000000000000000000000110000010010000000000000101001100000
00000000000000000010010000000000000010100000010000000000000000000000000000000100001100000000000000000
00000110000000000000000000100000000000000100000100000000000000000000100000000000000000100000000000100
00000011100100000000000000000000000000000000000100000000000100001000000001000001000000000001000000000
00000000000000000000000000000001000000000000100000000000010000000000000101000000000001000000100000001
00000000100000100000000000000000010000001000000000000000000000100000000000000000000000100000000000000
00000001000100001000000000000000000000000000000000000101000000100001000000000000110100000000000100000
11001000000111000010001000000000010000000000000000000000100000001000000000000100000010000000000000000
00000011000000001000100010000000000010000000000100000010000000000000000000000000000000000000000000000
00010000000000100000000000100001100001010000000001000000101001010000000011010000001000000000001000100
00000000000000001000000001010010000000010100000000000000100000000000010100100010000000100000000000100
00000000010000000000010000000000000000100000000000000000000000010000000000000010010000000000010000000
00000000001000100000000000000000000000001000000000000000000100000000001000001000100100000010000100000
00000000000000000010000010000100000101000001000000000000000001100010000000000000000000000000000000000
10000000001000000100000000000100000000000000000000000100000000010000000000100000000000000000000000000
00010000000000000000000100000000000000000000001000000101000000000000100000000000010000000000001001000
00000000000001000000001000000010000000001000000000000010000000000000001000000000010000000000000000000
00000100000000000000001000000000000100000001000000000000000000000000000000000000000000000000000000000
00000000000000001000000000000000001000000000001000000000000000000000001000000000001000001000000100001
10000000000000000000000010000000000000000001000000000000000000000000010000000000010000000010010000000
00000000100000000000000000000000000000010000000000010000001100000000000100000000000000000011000000000
00100000001100101001000010000010000000001000001000010000000000000000000000000000010000000000001000000
00000010000000000000000100000000000100000000000000100000000000000000000000000000000000000000001100000
00000000010000001000000000000000010000000000000000000000000000000000000000000000000000001010000000000
00000000000000000000000010000000000000100100000000000000010100000010010000001100010000001000000000000
00000000000100000000000101010000000000010001000000000000000000110000010000000000000000000000000000100
00000000000000000000000000000000010000000000000000010000000000000000000000000000000000000000000000000
00010000100000000001001000000000100100000001000000000000011000000000001000000000000000000000000000000
00000000000001000000101010000000010000000000000001000000011000100000000000000000100000000000000000000
00100000000000000100000000000000000000000010000000100000000010000000100000000000011010000000010000000
10000000001000000000000100000000010000000000000000000001000000000000000000100000000000000000000000000
00000000100000000010000000000000000010000000000000000100100000001110100100000000010001000000000001000
00100000000000100000000000001000100000000000000000010000000000000000001000000000000001000000000000000
00000000000000010000000001000000000101000000001000001000000000100001000000101000000001000000000000000
00000000000000010000001000000001001000000000000000000000000000010100000000100000000000000000001001000
00000000000000000000001000000100010000000001000000000000000000000000100000100001000101000010000001000
00000000000001000000000000100000000001000011000100000001000010000010000000000000000000000000010000000
00000000000000000000000000000000000000000001000000001000010000000000001000000000000001000001000000000
00000000000000000000001000000010000000000000000000000000000000000000000000001010000000000000000000010
00000000000000000000000001000000000011001000000001001010000000000000000000000001000000000010000000010
01000000000000000000000001000000001000001000000000001000000000010000001010000000100000000000000000000
00010000010001000000010001100000000000000000000010000100000000000100000000000000000000000000010000000
00000000001100010000000100010000000000000000000000000010000000101010000000101010000000000000000000000
00000000100100000000001000000000000000100000000000100000000100010000000000110100100001100000000000000
00100000000001000000000000000000000000000000010000100000010110100001000000000000000000000101100000001
00000000001000000000000000000000000010000000110000000010010000000000011000000000001000100000000000000
10000000010000000000000000000000001000000001000000000100000000000000010000000001010000000000001000000
00000000000000101000000010010100010010000000000000000100010010100000000010000000000000001000001000000
00000000000000000000000000010000000000000100000000000000000000000000000000000000000000000000100000000
00000000000000010000001000001000000000000000000000000000100000000000000011001000000000000000000000000
00000000001000000000000001000000001000000000000000000000000000000001010000000000000000000000001000001
00000000000011000000000000000000000000000110000000000000100000000000000000000010000000010101001000001
00001000010000000000001000001001000000000000000000000000000000100000100000000010000000110000000000000
00000000011010100000000001000000100010000000000000000000000000000000100000000000000010100101000000101
00000000000100000000001000000000000100100000000000000000000000001010000000000000000010001000000000000
00010000000000100000000001000000000000000001000000000000000000000000000001000000000000000000000000000
00100001100000000100000000010000000000000000000000000000011000000000000000000000100000010010010000000
00000000000000000000000000000100000100000000000000000000000000000000010000000000000000000110000000010
00000000000000000101000000000000000000000000000000010000000000100000010010000000000110000000000000100
00000010000100000000000100000000000000000000000000000000000000001000000000000101000000110000001000000
00000000000000000000000000000000100000000010000000000010000000000000001000000000000000100000000000000
>>>>>>> 492eb71fdb2ba1ef7c23d6700199232a2fb36745
