00000000000000000000000000000100000000000000000000100000000100000000001000000000000000000000000000000
00000100001000000000000000000000000000000000000000000001000100000000000000100000000000000011010000100
10000000000000000000110000000010000000010000000000000000000010000000000000000000010000000000000000000
10000000111000100000000000000000000001000000000000000000000000000000000000000000000001001000000000100
00010110000000000010001000000000000000000000000000010000000000000010000000000000000000000000000000000
00000000000000010001001000000000100000010010000000000000000000000001000000000100000000000000000000000
00000000001000000000000000100000000100000000000000000000000000000000000000100000000000000000000000000
00000000000000001000010000000100000000001010010000001000000000001001000000010000011000010000010000000
00000000000000001100000000000000000000110000000000000100001000000000011000000000000010010010000000100
00100000100000000000000000000001000000100010000000000000100000000010000000010000000000000001001000000
00100110000000000000000000000000000000100000000001000001000000100000000000100000101000000000000000000
00000000100000000000000000000000000000000000000000010110000000000000000000000000000100000000000000100
00000000000100010000000010001000000000000000000001000001000000100000000010100000000000000000000000000
01001000000000001000010000000100000101001010000000000101000000000010000001100000000000001000000000000
00000000000000000000000000000000000000000000111000000000100000000000000000010010000100000000000000000
00000000000000000000010001000000000100001000000010000000000101001001000001000000000000000001000000000
00100000000000000000000000100000000000000010000001000000000000000000000010000000000000000000000000000
00000011000010000000000110000100010000000010000000000000000000000000000000000001000000000010000000100
00000000001000010000000000000000000000000000000000000000000000010000000000000000000000000000000001000
00000001000000000000010000000000101000000000000000000100000010000100000000000000000000010000000000000
00000000000000000000000000000001001000000000000000000000000100001001000000000000000000000000000000000
00000000001000000010000010000001000100000001000000000000000000010000000100000000000100100000001000000
00010000010000100000011000000010000000100100000000100010000000000000000000000000000000000000000000000
00000000000000000100000100000001000000000100000000000001000000000000000000000010000000000000000001000
00000000000000000000000000000100000010000000000000000100000000000000000000000000000001010000000000000
00000100000001001000101000000000000000001001000000000000000010001000010000000010000101010000100000010
00100000010001000000000000000000000000000000000000000010000000000000100000100000000000000001000000010
00110000000110000000000000000001000000100001000010100000000000000000000000010001000000000000011000000
00000000010000000000000000000100010000000000000000000000001000000000000000000100010000000000100000000
00001010000000000000000100000100000011000000100000000001001000000000000011000010000000000000000000000
00000000000010000000000000000000010000000000000000000000010001001100000000000000010000000000000000000
00000000000000000001000000000000000000001010000000000000000000001000000010000000000000100100000000000
00000000000010001000000010000000000000100000000100000000000000000110000001000000000000000000000000000
00000000000000000100100000100001000000001000000000100000000000000010000100001100000000000000000000000
00000010010000000000000100000000000000000000101000001000000001000000000010000110000000000000000000000
00000000000000001000010000001100000000000000000000000000000000000000000000000000000000000001000001000
00000000000111100010000000100000001001000000000000000010010000000000100000000000000001000000100000000
00000000000100001000011000000000000000000000000001100000010000000100000000101000010101000000000010000
00000000000100100000001000000010000000000100000010000000010000100101000101000000000000000000000000000
00010010000100000000000000000000001010000000000000001000000000000000000000001100010000001000000000000
00000000010000001001010000000000000000100100000000000000000000000010000000000000000000000000000001000
00000000000000000000000000000000011001001000000100000000000000000000000000000000000000000001000000000
00100000000100000000000000010001000000000001000100000000100000000000000000000000001000000000100000000
01000000000000010000101000000000100000000001000010100000000000001000000010000000000000000110001001000
01100000100000000000100000000000000000000000010000000100000000000000000100000110000000000001000000000
00000000000000110000000011000000000000000001000000000000100000000000000000000000000000000000000000000
00000000000000000000011001000000000000000010000100000000010000001000001000000000000010000000001000000
00000000000001000000000000001000000000000000001000000000000000000000000101000000000000000000000000010
00000001000000000000100000000000000100100010000000000001000000000000000000000000011000000000000000000
00000000001000001000010000001010000000000000000000000000001000001000000000000000000000000000000000100
01000000000000000000000000010000001000000000000001001010000000100000000010000000000000000100000000000
00000000000000010001000010000000001001000000010001110100010000000001100000000000000000000000000000000
10010000010000100100001011000000000000100000000000000000000100000000000100000000000100000000000000100
00000000000000000000000000001000010000000000100000000100100000100000000000000000010000010000000000000
00000100010010000000000001000000000000000000000000000000000000000000000000000000000000000000000000000
00000000000000000000000000000100000000000010000001000000000000000000010000100000100000000000000001000
00000000000000000000000000100010001000000000000000001000000000001000000000000000010100000000000000000
00000000000000001000000100000000000000000000001000001000000001000000000000000001000000000000000000000
00000000000100000000000000001010000000000100001000000000000000000000000000000000000000000000010000000
00010000000000000000000100000000100000000000000000000000000000000000100001000010010000000000000000000
00000000000000000000000000000001000000100000000000000000000000100000000100000000110000000000000010000
00000000100000000000000000000000000000000100010010000100000000000000100001000000000000000000000001000
00110000000000000100000000000000000000000010000000000000000000000000000000000111000000101000000000000
00000000001000000000000000000000001000000000000000010000001000101000000000000000000000001010010000000
10000000000101000000000000001000000001000000000000000000000000000000000000100000000100001000000000000
01000000000000000000000000000000000000000000100000100000000000000100001000000000000000000000000000000
00101000100000000001000000000000010000010000010000000000000000001000000000000000000000000000000000100
01000000000101000000000000000000000000000100000000000001000000000000000010000001010000000000000001010
00001000000100000000000000000000000000000000000010000001000000100000000100010100000000000010000000000
10010000000000000000000000000000000010000000000100000000000000000000000000000000000100001000000110000
00100010001100010000000000100010000000000000000000000000000001000100000010000010000000000000000000000
00010000101100101000000001100000000000000010000101000000000000000000100101000001010000000001000101000
00000000000010000000000000000000010000100000001000000000001000000000000000000100000010111000010010000
00000000000000010000010000000000000001000000000000000000110010000000000000000000001000000000000000000
00000010000000000000000000000000001000010000000000001000000000001010100100001000000000001000000000000
00001000000000001000000010000001000010000000101000000000000000000010000000000000000000100000000000010
00000000000000100000000000100000000000000000000000000110000000000000000010001000000010000000010000100
00000000000000000001000000000001000000100000000000000000000000000111000000000100000010100100001000000
10001000000000000000000000000000010000000000000111000000000010000000000000000000000000000010000000000
10000000000000000000110000000000000000000000010001000000000000000010000001000010000000000000000000000
00010100001000000000100110000000110000001000000100000010000000010010000101000000010010000000000100000
00100000000000000100000010000000000100000000000000000000000010100000010000000000000000000000001001000
00000100000100000101000000101000100000000000010000000000100001000000000000000000000000000001000000100
10000100000000000000000100000100000000000000000000000000000000000100000000000000100001000000100001000
00000000000010000100000000001000000000000000100000000000000101000000000001000000000100000100000010000
00001001000000000010000000000000000001000000100000000000000000000100110000010010000010100000000001000
00000000000000000000000000001000101000000000011000000100000000000000000001000000010000000000000000000
00100001000000000100000000010000011000001000000000000010001000000000001000000010000000000000000001000
01000000011000000010100000000000100000000001000000000000000000000000000000010000000000000100010100000
00000000000000000000000000000000000010000000000000000000000000000010000010000000000000000010100100000
00100001000000010000000000110000000000000000000000000000000000000000000000000001000000010001000000010
01000000001000000000000000100001000001000000000010000000000000000000010000000000000000001000000000000
00010100100000000010000010001000000000000000000000000000001000000000000010000100000100000000001000000
10000000000000001000010000010000100000110000000000000111000100100000000000100000000000000000000000000
00000000000000000000000001000000001000000000000000000000000000010000000000100100000000100000111000010
00000000000000000000000000000000000000000000000100000000000000000000000000000010000100000000100000000
00000001000000000000100000110000000100010001000000100000000110000000001000000000000000101010000000010
00000000100000000000100000000100000000000000000000000000100100100000100000000001000000001000000000110
00000000000001000000000000000000010100000010000100000000100000000000000001100000001000000000000010010
00000000000001001000000000010000000000000000000000000000000000000000000000000000000000000000010000000
00000000000000000000000000000000000000000000000000000000000000000000000000000000000000000000000000000
