01010100000000000000000000000010010000000000000000010001010010000000000000101100001000010001001000000
00100000000000000010000010000000000000000100010000010000000000000000100010000100000000000000011000000
01000000000000000000000000010000000000000000000011010000000010000000000000000001001000001000001101000
00000001011010100000010000000000011000000000000001000000000100000000000100000000000000000000010000000
00000000000000000000010000010000000010000001010000000000000000000000000000100000000000000000011000000
00000000000100000000000000000000001000000000000000100000000100100000000001100000000000000000000000100
00000000000000000000000000000000100000010000000000011000100000000100000000000000000001010001000010000
00000010000100000000000000000000000000000000000000000000010000000000000000000000011000001000000000000
00100001000000000100000010000000000000000010000000010100000000000000000000000000000000000000000010010
00000000000000000000100000010001000000000010001001000000000000000000000000000000000000100100000000000
00000000000000000000000000000000000000000000000000000100010000000010000000000101000000010000000000100
00010010010000000000000100000000000000000001000000100000000000000001000100000010000001010000000000000
00000001100000010000001000000001000000000100001000000000000000000001010000000000000100000000110000000
00010000000000000000000000000000001000010000000000000000000000000000000000100000000000000000000000100
00100000000000000000000000010001000001001010000010000000100000000000000000000000000000001000010000000
00000000000100010000000000000001000000010000000000001000000000100000100000000000000000010100001000000
00000000000010000000100000000000000100000000000001010000000000000001000000000000000000000000010000010
00000010010000000000001010000000000000000100000000000000000000000000000000100000000100000000000000000
00100000000000000000000000000000000010000100001000000000010000000000000100000000000000000000000000000
00000000010000000000000000000100000000000000000000000000000001000000010000010011000100000010001000000
00000000101000000000000010000100000010000000000000000000100000000000001000000010000010000000000000000
00001010000000000001000000000001001000000010100000000100000000000000001000000000000000000000000010000
00000000000000000000000000000000001001000001000000000000000001000000000000000000000000000000000000100
00001000000000000001000010000000000000000000000010000000000000000000010001000001100100000010000000000
00000001000000000000110000000000000000001000000000010000001001000000000000010000000000000000000001000
00000000010010001000000000000000000001010000100000000101000000000000000000000000000000000000000100010
00110110000000000000001000010100000001000000000001100010000000000000000000000000000000000000000000000
10100000000000000000000000010000000000001000000000000001000000000000001000000000001000000000000100000
00100001000100000000000010000101000000000000000101001000000000000000000000000000001000101000000000000
10000000011011000000000000100000000010000000000000000000000000000011010000000000000000000011100000110
00000000000000000001000000000000000000000000000000000000000000001000001000000000000110100000001000000
00000000000000000000000001011000100000000000000000000000000000000000000000010000000000000000000000000
00100000000000000000000000011000000100000000000000100000010000000000000000000000000000000000010110000
00000000000000000001000000000000000100010000000000000000000001000000000000000000100000000000000000000
00000100000000000001000000000100000000001000100000001000010000000000000000000100100000000100000001010
00000100000001000001000001000000000010000000000000000000000000000000000000000000000000000000001000000
00100000000000000000000000010000000000100000000000000000000000001000000001000100000000000000000000000
01000100000000000000000000000000100000000000000100000000000000000000000000000010000000000000000000000
00000000000000000001001000000000000000000011000100000001100000000000100000000000000000000000010000000
01000000100010001000000000000000000000100001000000000000100000000000000010000000000001100000000000000
00001110000000000000000000000001100000000000000001000001000000000000000000000000000000010000000000000
10001000001001000011000010000000000001000000010001000000000000000100000000000000000000001000000000000
00000000000001010000000000000001000000000000000000001000001000000001000010000100000000010000000000000
00000000100100000000010000000000000000000000000000000000100000000000000000000000010101000000000000000
00010000000010000010000000001000000000000000000001000000000000000000000000000000010000000000001000000
00000000000000000000000000000100000000010000000010001010000010000000000000000100000000000000000000000
00000000000000000000000110001000000000101010000000000000000000000000110000000000000000010000010000010
10000000000000000000000010000000000000000000000100100000000000100000100000000100000010001100010000010
00000000100000000000000000000000000000000010000000000000000010000000000000000000000010010100010010000
00000000000000000000000000010000000000000000000000000001000000000000000100000000000110000010010001000
00100001101000000000000000001000000010000011000000100001010000010000000000000000000000000001000001000
00000000100000000000000000000001000000000000000000010000000010001000000000000000000000000000001000000
00000000000000000000000000000000000000001000000000000000000000000100000000100000000000000000000000010
10000000001000010010000000100000010100000000010001000001000000000000010000000001000000000000000000000
10000000000001000000010000000000000010000010000000000101000000000010001000000000000010000000000000000
00100000000100000000000000000000000000000100000000000000110011000000000000000000000000000000010010000
00010010000010000000000000011000000000000000000000010000000000000010000000000000000011000100000000100
00000000000000000000000000010100000000000000000000000000000000000000000000000000000000000000000000000
00000000001001000100000010000000000000000000000000000100100000000000000000000000000000000000000000000
00000000000000010100000000000000000011000000000000010001000000000100001011010000010001000001000010000
00000010000000010000000000010000000000010000000000000000000000000110000000000000000000000000000000000
00000000101000000000000000000010000100000000000100000000000000100100000000000000000010000000000001100
00000010010000000000100000000000010000000000000000010000000001000000000000000000000000000000000000110
01000100000010001000000000000000100000000000000110000100100000001000000000000100001000000000000000000
00000001100001000000000000001000000011000000000010000000000000001000101000000000000000100000000000000
11010000000000000000000000000000000000000000000000000000100000000000000000000000000000000010100000000
10000000000000000000000000000010011100000111000000100000000001000000000000000000000000010000000000000
00000000000000000000000010100100100000000000010010000000000000000000000000000101000000001000000000000
10000000000010000010000100000000000000000000000000000000000100000000000000000000100000100010000100000
00000000100000000000001001000000000011000000000000000000000000000000000000000000000000000000010000010
00000000000100000000000000100010000100010000000110100000001001100000000101000000000001000000000100100
00000000000001000000000000000000000000000101000000000000000000000000000001000000000000000000000001000
10000100000000000010000000000000001000000000000000000000000000000000000000000000100000000000100000000
11001000000000000000100000101001000000100000000000100110000000000000000000001000000100100000000000000
00010000000000000000000000000000000000000000100001000000000000000000000010001000000000000000000000000
00001100000000000000000000100100000000000000000000010000100000001000000000100000000000000000000000000
10000000000001000000000000000001000000000000000000000000000010000100000000000001000000000000000000000
00000000000000000000000010001110000000100000000100100000010000000000000100000000000010000010000000000
10010100000000000000000000000000000000000000000000001000000000000000000000000000001010000000010000110
00000010000000000010000110100101100000000001000000000000000000000000000000000000100100000000000000000
00000000010010000000000000100000000000000000000100000000000000000000000000000000000000000000000100000
00000000000000000000100000000000000000000000010000100000000000010000000000100000000000000000000000000
00000000000000000000001000000000000000110000100100001100100000100100010000000000000010010000100000010
00000000000001000110000000001010010000000000000000000000000001000000001001000000000000000000000000000
00000010010000000000000000010000000000000100000000000000100000000001001000000100000000000000000000000
00000000000000000000001000000000000000000000010010000000001000000001101000000101000010000100000001000
00000010000000000000000000010000000110000000000100010000000100000000000000000000000000010001000001000
00000000100000100000010000000010000000000000000000000010010001000000010000000000001000000000110000010
00000000101010100000010000000000000000000000000000001001000000000001000000011001000010000000010000000
00011000000000000000000000000000000000000000000000000000100000000000000010000000000000000000000000000
00000000000000000000000000000000000001000000001100000001000100000000000000000100000100000000010010000
00000000000000000000010000001001000000000100000000101000000000000000000000000000000000100000000000000
00000000001000000001000000100000000010010001000000000000000000000000001000000000000000000000000000000
00000000000000000000000000001000000100000011000000100000000000000000000010110000011000000000000001000
00000000000001100000001010000001001000100000000000010000000000000000100000000000000000000000000000000
10010001100001000000000000001000001000000000010100010000000000000000000000000000000000001000100000000
00000010000000110000000000001000000001000010010000001000000011100010000010000010110001000000000000000
00010000000000000000000000000010000011010000000000101000000000000000010001000001000100000000000100000
00000100000001000000001001000000110000001000000000000101000000000000000010000000000000000000000000000
00000010001100001100100010000001000000000001000000000000000001000001000001000000000010000100000000000
00000000000000000000000000000000000000000000000000000000000000000000000000000000000000000000000000000
