01000000000000000000001000000010000000000000000000000000000000000000000000000000001000000000000100000
00000000000000000000001000000000100000000010100000000000000000100000000000010000010000000000000001000
10000000000000000000000000000000000000000000000001000100000000000000001010000000000010000000000100000
01000000000000000010000010000000000000000000000000000000000000000000000000000000001010000001000001100
00100000000000001000000000000001000000000000001100000000000010000010000001001000101100001000000000000
01000010000001000000001011000000000100000000001100011000001000000000000000000000001000100001010010100
00100001100000000000000100000000000010000100101000000100000000000000000000000000000110001000000100000
10000000000000010000000000000000000000000000000000000000001000000000000010000000000000000000000000000
00000000000100000000000000000000000000010000000000010000000100000001101000000000000000001000000000000
00000000000100000000000000000000000000000000000000100000000000000000000000000000000000000000000000000
01000000010000000001100000000100000000110000000000000100010000000100100001100000000010000000000000000
00000000010000000100100000000000000000000000000000000000000100000000000000000010000000000100000000000
00000100100000010000000000100000000000001000001100000000000000000000000010000000100010000000000000100
10001100000000000000000000000000000000000000000000000000110000010010000000000000000000000000000101000
00000000000010000000000000000000000000000000000100000000000000001000000000000000000000000000000000000
01010000000000000100000000001000000000100100000000000000000000001000000100000001000100000000000001000
10000010100000101001000000000000000000100000100111000000000001000000100000000000000100000000000000000
00001000100000000001000000000001000100000000000000000000001000000010001000001000010100000000000000000
10000000010010000000000100000000000000100000000010100000000000000000000000000000000001000000100001000
00000000001000100100000000000000100000000000101000000000000000000001001000000011010010000000000011010
00000000010000010000000000000000000000000000000100000000010000010010000000000100000000000000100000000
00001000000000010000000000100000110001000000000000000010011000000001000000000000000000100000010000000
00010000000000000000000000000100001000000011000001000001000000001001000000000000000001000000000000100
10000000000001010000000000000000000000000000100000000000000000000000000000100000010001000000000000000
00000011010000000000000000000000000000000000000000001000100000000000000010000000100000000000000000000
00000010000001100000100010000000010000110000000000000001001000000010000000000000100010000000100000000
00000000000000000000000000000000001000101000000100100000100000000000000000000000000000000010000000000
00000000000000001000001100100000000000000000000000000000000000000000001000011000000000000000000000000
00000001000000000000010000010000000100000000010000000100000000000000000000000000001000000000000000000
00000000000010000000000100000000000010000000000000000001000000010000010000000000000000000000000100000
00000000010000000000000000010010001000000000000000000000010100000010000000011001000100100000000000000
10000000000000000000000000000000000000000100000001000000000000000000000000000000000000000010001000000
00000001000100000000000000000000010010000001000000000000000000000000001000000000000000010100000000000
10000000010000100101001000000010000000000000000000010010000000000010000010001000000000001010000000000
00010000000010000000100000000100000000001000001000000000000000000000000010000010100000000101000000000
10010000000100010000000000000000100100000000000000000000000000000000000000100000001000000100000000001
00000000000000000000000101001000000000000000010000010000000000000001101000001000100000000000000000010
00000000100000000000000000000110000000000000000001100000000000000100000000000001000000000010010000100
00000000000000000000000000010000000000011000000000010000100000000000100100000000001000100000000000000
01000001100000100000000100000010000101000001000000001110000000000000000000000000000100000010000101000
00000000000010000010000110000000000000000010000100000000000000000000000000000000001000000100000000010
00000000000000000000001000000000010000000000000000000000000000101110000000000000010000000000000010000
01000100000000010100000000000000000000000000000010010100000000000000000000000100000000000000000000000
00100000000000000000000001001000000100010100000000000000000000000100001000000000000000000000000000000
00000000001000010000100000000010101000000000010000000000100000000000000001000000000000000000000000000
00000000000000000000000000100000010000000000100000010000000000000000000000100000001000100000000000100
00000110000000000010000000000101000000100110000000000000001000000010000000000100000000000000000000010
01000000000000000000000000000010010000000000000000000000000000000000001000001000000000101000000000011
01000011000000000000000000000000000000001000110100000000000000000000000000000000001000000000000000000
00000000000000100000000100000000000000010000011010000000000100000000000100000100010001000000000000000
00000000000000000000000100000010000101000000010001000000010010000000000001100000000000000000000000000
00001000000010000000000000000000010000000000001000000000010010010000001000000000000000010000000010000
00000100000000100000000000000000000000000010010000000011000000001000000100001000000000010000000011100
00000000010000100000000000100100000000100010000000000010000001010000000000000000000000000000000001000
00100000000000010100000010000000000000000100000000000000000000000000000001000000000000000000000000000
00001000000000000001001000000000100000000000000000000000000000000000000000100000000000000000000000000
00001001000000010000000000000000000000000000000000000000000000010000000000000100000000000000000000000
00000000000101000000000000000000000000000000010000000000000010000001000000000000000000000000000000000
00000100000000001000000000000000000000000100001000000100100110011000000000000100000000000000000000000
00000000000000010000100000000000000000000001000000000000000000000000000000000000100000000000000001110
00000000000000000000010000000010000000000000000000000100000000000001000000000000010000110000000100000
00000000000000000000000000000000000000001000000000000000000000000000000000100000010000100001000100100
10000000000000010000000000000000000000010000000000000100000000000000000000000000001000000000000101010
00011010000000000000000000000010000100000000000010100000000000000000000000010101010100000000000000000
00000000000010000000000000000000000000000011000000000001110000010000001000000000001000000100000000000
00000011010000000000000000011110000000000000000001000000100000000000010100000000000000010000010000000
00010000000000100000000000000001000000000000000000000000000000000100000000000000000000000001000001000
10000000010010000000000000000010000000000000000000010100001000000000000100001000000000000100000000000
00001000000000100000000000000001000000000000000010000000000000010000000000000000000010000000001000000
00010000000000000100000000100000000000000100000000100000000000000010000000000000000000000000000000000
00000000000001000000001000000010100000001000000000000000000000100000000000000000000000010000000000000
00000000000001000000011001000000000010000000000000000000000001000000000001000000000000000001000000000
00000010000001000000010100000000000000000000010001000100000000000000000100010000000000000000000000000
00000000000000000000100000010000000000000000000000000000011000000000000000000000000000000000000001000
00000000100010001010000000001000000000000100000000100000000000000011010000000000000000000000000000000
00011000010000000000000000100100000000000000000010000000000000000000000010000000000000001001101000000
00000000000000000000000000000000000000000000000000001001100000000000000010000000001100001101000000000
10100000100000000000000000000000000000000000000000000000000010010000000001000100000100000000001000000
00000000100000000000000000100000011000000001001000000000000000000110100000000000010100000000000000000
00000000000000000000000001001000001110000000010000000000001000000000001010000000000000100000100000000
10000000000000000100000000000100000000000000000000000000000001000000000000000000011000000000010100010
01001000000000000000000000001000000010000000011001000000000000100000000000010000001000000010000000000
00000000000010000000000000000000010001001000000100000000000000000001100101000100000000000000100011010
01100100000001010000000000100000001000000000000000000000000000000000000000000000010000001000000000000
00000000100000000000000001000000000000000000000000000000000000000000000000000000000000000001000000000
00010100000000000100100000000000010000000000000000000000000000000000000000000000001000100000000000000
00000110000001000100010000000000000110000001000000000100000000000010010010010000000000000000100000000
00110000000000000001000000000000000000000000000000000000010000000100100000000000000000000110000000000
00000000000000000000000000000010000000000000000000000000001000001000000000010000000001000000000000000
00000100000000000010000000000000011010000000000000000000000000000000000001000000000000010000000000010
00100000000000100011000000000000010000000000000000000001000011000010000000000000000001000010000000000
00000010001100000000010000001000000000001000001000000000000000000000000010001000000000000100000100100
00000000000000001010000000000010000000000000000010000010000000000000100000000000100000000000000000010
00000000000000000100100000000000100000000000000000000000001000000000000000000000000000000000000001000
00000000000000000000001100101000010000000001000000000000010000000000000000000001000010100001000001000
01010000000000001010000000000000000000000000000000000000000000010000000000001000000000010001000000000
00000000000100000000100000001000000100000000000000001001000100010000000010000000000010000000000000000
00000000000000001000000000000000000001000000001000000010000001000000000000100100000000000000000000000
00000000010000000000000000000000000000010000100000000101000000100000000000000000000000000000010000001
00000000000000000000000000000100011000000000010001000000000000000000100000010000100000000000000000000
00000000000100000000000000000000001000010100001000000000100000000010000000000000000001000000000100000
