01011000000100000100100000001001101000000000000000100010001000000000000100011100001010100010100000000
00011000010000001001100010001001100010000001000001011011000100010010000000100000000001000000100101000
00100000000000000100000100001001000000101100010010001110001000000000110000001000000000001010010010010
00001000000001001001001000110001001000100010000000000001011000000010000000100100010000101100010000001
00000000000000011000011100100101100100100011000001001100101000011100001000000110010000101000100000000
10010100100000000000001101000000100000101010000000000100000001100110000000010101000001011100000000000
00001000000010100101101001011010100100000001000100011000110101000110100100011000001100000001000000011
00110001000011000001000100000001001000000001100000100010110101010010000010000000100101110001010000000
01000100000010101111000110000000001110000000110000001010001000000110100001010100001010100000111010001
00100011011111000110000000010001101000000110100001101010000110101000110110001000000000100000011101100
10101000000001101000000100100110000010000001001000000010001000000000010000001100010000101000011000000
00000001001101001000000010100000010011100100001000011011100000001100100000000000110000010011000110000
10010010010000010010000011001100000101000000000000100010001111000000101000000010001001101100010111000
00101001110000010000001010001100010000000010001000101000000000001000100001000010000000000001000000001
00010000110100000010000000001100000000000000100110000000000000000110110100000010001010000100010010000
01000100000000010100100000000110000100100100001000000000100000000000000000010000000001001000000000100
00000000100010100000100000000000000000000101010000000001000010000101000000001001001000011000010100100
00001100110000000011000010011000110000010000001100000000010100101000010000001011010000100011001000000
00010000100100000100010001000001100000000010000000000100001000000000000010001000000001000000000000000
00000101000000010100011100110000011000000101000101111001000110010000100011000000001101100000001000000
11100001011010100010000010001001000001000000000010000000010111000000001000000000000100111010010000100
00000000000001100000000000010011000000010100000110001000011010000100010100001010100010000001001000010
01010000000011011000000000001100000000001001100000101000001000001100100000001100100000000010000000010
00000000011000000000101000110011010100010000001100110110000001000010000000100101000001000000100001011
10010010111000000011001000000100110101000010001000010000000000110000000100000000000000000100001010000
00010000101011000010001110010010000000100101100100000101011000010100001100010000100000100010000000010
00000001000000000100001110001100000011000100000001001000001000010001000001001000110000111000000100111
00000111110001000000011000000000100010001000110001110010100001101100010010101001001000100110010000010
00100000100110010000001100000000000000000001000000111000000101100101010001000111011101000100000011100
00000101011000000010110110101010001000010010010000000000010000000000110000000000000000110000010011100
00000000100011000001000100010110000010001010100010000000000000100010000000101001100011101000100100111
01010001000000010010000100100100000000010100011000000010000000000001001000100010001000010101101001011
00000000010101000010000000010100000100001000001000000000100010000000010000010001000010001010000001000
01000010000000100010001000100010000000000000001101000111010010000100000100010000000001100100000000100
10100110000000000100000011011000001001010001100000000100000100000001000000000010110100000011000000100
01000000000101010100010111100000001000111010000000000000000010000111100010100001000001001000000000000
00000000010000000100100000000000000110000000100000000110111000001100100010011001000000000000000101000
00100010001010000010001001100000000000110000010100000101001100010000010101010011000000110010101000100
00010100110100001010000000001000100001000101000100010011100000000010010001100000100001100011110010100
00100001010001100000100000000000110000001011000000011101000011000100100000001000100000001101000000100
00100000100010000000000100001100000000001010101010000000010100000011000100001000010000001000000101100
10100000110000010000000111000001110000100010110000100100010010010001000100000010000000000100000101010
00001000000000110100000000000000000010011000110000000100001001100001000000100000001000010000011010000
10000000011010100001001001010000011000100001000011000000000100011110010000000010110011000010000010000
10111001100100100010000110000001001000100001000000000010000101010000010000000100000011001000011110000
10100000001001011000001011000011001000010000001001000000000010000000000000000000000100000000001001100
10000110001010001000001000000000110100000100010000100001000110000100000000110100101011010001000000000
00100001000001010001100000000100100111000000010100100011001001100000110000000010011101010000011000000
01000010010001010000100010111010000000000101001101100000100000110010011010000001010000000000100010000
00000001000000010000001000000010101100000000000000111000000010001101000000000000100000010100011010100
01010010000000101001000000000100100100000001100000010000010100011000000000010000000000000100000001001
00101011001000101000110000000110100000000100100000001000000100101001101001001010000000000010000000011
00010001000100101100000010100000001000000101000000001101000000000000000000001000010000100010100100000
01011110100000000001010000000001000000000100010100000000000100100000000000001101000000001000100001010
11000000101000001011000100010000110100000010000111100000010000010011000001101100000100000010110010100
00000001000000000000000011000010001101010000000101000000101000100010000001010010000110011000000101011
00111010010000011000100101011001010000000110010100000000010000000000010000000100000010000000011010000
00110010000000100000000010001100100100001001010101010000100000000000000110000001100000001010011000011
00001000000100001000010000011000100001000001010000110111000001100001001000011111100000001101110001001
00000000100000001000111000100010000110011000010000001001010001000000100100100001100000010000000001000
01000100010001000101100000100000010000101100000001100000000011110000001001000010000101000100000110010
10000100010101001000010000001100001000010100000010000101010000100000100000010000011010011000001001000
00001000000001100000010010101001000101000010010000000100100000001000000000000111000000000000000100000
00000000000000001000011000011000110000010001000001110000100001100011110000110001010000001000000001000
01011000010100010000010100001010010000100010100001000011000010000000110110000000000000001001000001000
00000000100000100000001000000000100000000000100011000001000100011000000000001001000010010001001001000
01000011100100000000001100011000010010111000010010000100110100100000001100100000000010000000001100001
10000010000100000000101000110000001000000010010010010000000000001000000001110000001010000000110000000
00001100000010000011011001001000100000101011000101000001000100000100001000010000000011001010100000010
10010100000100100010010100100110100010010000100000010100000100111100101000001001000001000000001001100
01110100011101000000000000000100000000001000010001101000110000100010110000000000101000111000010011010
10100011000000010001001000000000000010000010010000000010000010100000000110000001000000000000110100000
00000011000000000100000100011100001000000001010011001001010000101010000001000001000001010010110000011
10011001000101001010110000001000001000000101000010010110010110000000010000101000001111100010100000011
00010000010000001000000010100100110000000010010100011100010000000000101001010010001000100100001000000
00000111010011100001100010010100010110001000010100010101000001011001100011100001010000110101010000001
00101000110100000000000100100000000110000100100001000101001000000110101000001001110011000001011001010
00001000100000100011001000001010000010001000001001010011000000011000100011000100000000000101011010010
10000111110000100000101100010000011000100000111001000000100001000000001100001000101000000000000010000
01000001010100110000000001010001000010110100001110100000001000100000100000100000011101000001011010000
00110000110000001000010110000011100010000100001000000100100000110000010010000000010000000010000000000
00100000000001000000000000111000000010010100000001011000000110100110000001000000001100011000001000000
10001110001010000100000000100001000000100100111010101000101100000000000001000000000000010000011010010
00001011000010010001010000000010010100100010010000000000000110100000000010110000000000101101110010000
10000010100001000000000011101000000000010111110001010100100100000000000011000010000000001100001100000
00000000010000000101110000000000100000100001000010011000001110001111001010000000010000100000011001011
00000110000000000100000000000000110000000000000000000010000000000010111000100100001100001110000001000
11010110001011100000001010010010000000000000100100010111100000001100000001010010100110101000110100111
10000101101000000000010100010001111000000001000100010000001000000000010100000010000000000100101000000
01000000010000100000100000000000000000010000100000010000000000100000001101000000000000000000001000001
10000000000101000000000000000100000010001001100100000000100001110010100010000000100100101101100000000
00010000000000000001101001000001000000001000000100000000100001110000100010000001010000000011000100000
01110011010110000000000000001000100000000010000010010000000010001100000000100000100001001000111010101
00100010000000100110010000000001010000000101100101001000000000000100000010100000010100100000101000101
01001010000100100001010001010010000110000000000000010000000011000010110000010001010000010010000000000
00101000010000110000000010000000000000010010010000000000101000001001000010000101010100000010110000010
00000000001000110000010000010100000001001100000010011001010000100100010100000010100110000010000010011
11000101100000100000000000101000100010111101101100010000100000001010001010100100000000100000100100111
00000101101000010010000011000001000000011101000000101000000001001010010000101000110000000000001101001
00010000000000010101000100101101000010100100000110010001000001000000000000100100000000000000000100000
10001001010100000101010000000010010010000000000000000101001011000000001101101000010000101000001001100
