00000000000100000000000000000000000000010000000000000100000000000100000000000000000000000001000000000
00000000000000101000100000000000000000000000001000000010011001000000000000000000100000000100000000000
00000000000100000000110000010000000101000010000000000000000000000000000000000000000000000000100000000
10000001000000001000000000000000100000000000000001000010000000000010100000000000000101001000001000000
01000000010000010100100000000000100000000001000000001000000000000010000010000000000001100000110000010
00000000010000000001000000000000000000000000001000000000000000000000000001100000000000000001000000000
00000000000000000000000100000000000000000000000101000000000100000000000000000000000000001000100000000
00100000100010100000000001000000001001000000000000000100001010000000000000001000000000000010000000000
10000000000001100000000000000000000000000010000100000100001000101000000010101000000000000000000000000
00000000000010000000000010000000000010000000000000001000000000000000001100000000000000000010000000010
10000000000000000000001000010000000110000000000000100100000000000000000000000000000000000000000000000
00000010000000000000000000000000000000100000001000000000000000000000000000000001000000000000000000100
00100000000000000000100000100100000010000000000000010000000000100000000000000010000000000000000000000
00000000001001000011000000001000010000000000000000100100010000000001000000000000100000010000000000000
00000001000000000000000000000100000000000000000000001000100000000000000000000010000000000000001000000
00010000000000000000000000000100000000010000000001000000000000000000000000000100000000000010000000000
00000001010000000000000000010000000100000000000001000001001100000101110000001001000000000000000001100
11000000000000001000000000000000110100000000000010100000000000000010000000000000000000011000000000000
00001010001000000000000001000000000000000000000000000000001000001000000000000001000001000000000100000
00001000000001000000000000000010000010000000000010010000000100000000000000000000000000000000000010010
00100000000000000000000010001000000000000000001001001000000000101000000000001000000000000000000000000
01000000000000000000001000000100000000000010001000001000000000010000000001000000000000001100000000000
00000000000100000000000000000000000000000101000000010100000000110000000000000000000010000000000000100
00000000010000000000000000000000000000000000000100001010000000000000001000000000000000000000000000000
00000000000000000000000010100000000010000001000000000100000000010001000000000100000000001000001000000
00000000000100000000000001000000100000000000000000100001000000000000000101000000000000000100000000000
00000000000000000000000001000000100000000010001100000001010000000100000000000010110010000000000000000
00000000011000000100000000010100000000000001000100000000001000000000000000000000000010010001000000000
00000000000000010010000000000000000000011000000000001000100000100000000000000000000000000100000000000
00000000000000000000000000000000000001000000000000000000000000000000000000000000000000010000000000000
10000000000000001010000000000010000000000000000000000000000000100000000000100000000000000001000000100
00000000000000001000000011001001000100000001000000010000000000000000000000000000000000000001000000000
00001000000000000000000100000000001000000001000000000100010000001000000000000000000000000000000000000
01000000010001000000000000000001000000000000000000000001000010110100001000000100000000001000000000000
00000000100000000000100000000000000000000000000000000100010001000000100000000000000000001000000000000
00000000000100001000000000000000001010000000000000000000000000001000000100000000000000000000100000000
00000000010000000001001000000000000100000000000100000000000000000000001000000100000100000100010000010
00000100010000001100000000000000000101010000000000000000100000001000000000000000001000011000000000000
00000010000000000000100000000000000000000010100010000000000000000000001000000100001000000000000000000
00000000001000000000001000000100001000000000100000000000000000001000001000000010001001000000000001000
01000100000000100001000000000000000000000000100000000000000000000000000000000000000000000000000101000
00001000000000000000100011110000000000000001100010000000000000000000001001000000000000000000000000000
00000000000001000000100000000000010000100010000000000000000100000000000000010000000000000000000000000
00010100000000000100000001000000100010000000000001000000010000010000010000000000000000000010000000000
01110100000001000000100100000000000100000000000000100000000000000000000000000000000000000011000100000
00000000000000000000001000000000000001000000100000001100000101000001000010010000000000010100000100000
00001000000000000000000000000010000100000000000000000000000000000000100000001000000000001000000000100
00000000000000000000010000000000000000000000000010000100000000000010000010000000010010000000000101000
00000000000000001000000000000000000100000000000000000000000000000000100100000000000100000000000000010
00000000000000010000000000000100000000000000100000010010000000000000100000000010001000000000010010000
10000000100000000000000000000010000000000000000000000100000000001000000000000000010000000000000000000
00000000001001000000011000000000000010000000000000000000000000001000000110000000000000000000000000000
00010000000000001010010001010000000000000100010000000000000000001000100000000000001010000000100000000
01000000100000000000000000100000100000000000000000000000000000001000000000000000000010000000000000000
00000000001000000000000000000010011000000000000000000000000000000000000000000000000001000000000000000
00000000010000000000100000000000000000000010000000000000100100000000000101000000010000000000000000000
00000000000010000010000001010100000001000000000000000000000010000100000001000000000101000000000000000
00001000000010000010000100000000000011000000000000000000000000000000000000000000010000000000000000000
00000001000000000000010000000000010011000001000010100000100100000001000000000010000000000000100000000
00000000000100000000000100000000000000000000000000000001000010100000000100000000000011000000001010000
00001000000000000000000100000000000001000100011000001100000000010000000010000000000000001000000010000
00000000000000000000000100000000000000000000000010010000100001000000000000000001000010000001000000000
00000000000000000010010100010000110000000000001000001100000000000000000000000000000000000000101000000
00000000000000000000000000000010000000000110000000001000000001000000000000001100000000000000000000000
00000000000000000000000000000100010000000000000100000000001000000010000000000000010000100100010000000
00000000000000010000010010000000000000001000000000000000000000000001000000000000000000000000001000000
01000000000000001100000000000000000000000000000010001000000000000000000000110000010000000000010000000
00000000000000000001000100000100000000000011000000000000000000100000000000000000001000000001000000000
00001000100000001000001100000000000000010000010000010000011001000000000000000000000000000000000010010
00000000000010000100000000100010010001000000000100000000000100100000000011000000000000010100000000000
01000000000011100000000000101000000001000010000100001010000010000000000100000100000010001000100000000
00000000000000010000000000010000001000000100000000100000000000001010000000000000000000000000000000000
10100001000000000001000000000000100000010000000000010000000000000000000010000000000000000000100000000
00000000000000000001000000100110000100001100000000000100000000000000000100000001010011000000000000000
00001000000000010000000001000000000000000000100000000010100000000000000000000000000000000000100000000
00000000000001000001000000100000001000010000000000000000000000000000000000000000100001000100010000000
00101000000010000000000101000100000000000000000000000100000000000000000000000000000000000000000000100
00000000000011000000010000010000000000000000000001000000000000000000000100000000000100010100000000010
00010000001000000000000000100010000000100000000000000000000000000000000000000000000011000000000000000
00000000000001000000000000000000010000000000000000000000000010000000000001000000000000001100100000000
00010000000110001000000000000111000100000100000000010000000000000000000010000110000100000000000000000
00100000000000000000000000000001000000000000001000000000001000100000000000100000101000100000100000010
00000010000000100000100000000001000000000000000000100000000000000001000001000000100000000000000000000
01000000000100000000000000000000100000000000100001001000000000000100000010000000000000000110000000000
01000000000010000000000000010000000100000000000000001000000000000000010010001000000100000000000000010
10000000000100000000000000000000000000000000010000000000000000000010000001000000000000100000010001000
00000000000000000100000011000100000000000000100101000000000000000000000000010000000000000000000000100
00001000000000010000000000000000100000000000010000000010000000010100000011010000000000010000001000000
00000001000000000000000000000000100001100010000001100000000000000000010000000000000000000000000000010
00000010001000000010010000000000001000000000010000000000000000000000000011000100000001000000000000000
00000001000010000100000000001000000000000000010000000100100000000000000000000000000000000000000000000
00000000001000000000000000000000000001000001000000000000000000000000000000000000001000010000000000000
00000000000000000000000010100000000000000001000000000000000100000000100000000010000000000000000000000
00000000000000000100010000000000101000000001000001011000000000000010000000000000000000000000010000000
00000001000000000000110000000000000000001000000001000000000000000001000000000000000000010100001000000
00001000000000000001000000100000000000000000000000000000001000000000000000000010000000000000000000000
00000000100001001000000000000000000000100001000000000000110100100010000000000000100000000000000100100
00000010000000000000000000000000000000000000000001010000000000000000010000000100000010000100000000100
00011000001011000000000000000000000001000000000000010000000000000000100100100000000000000000001000000
00000100000110000010010000000000000000000000000000100000000000000000100010000000000101000000000000000
00000000000000000000000000000000000000000000000000000000000000000000000000000000000000000000000000000
