00000100000000000000010010001000000000000000000000000000000000000000001000000000000100000000000100000
00000000010000000000000000000000000000000001000000000000000000100000000000001100010000000000000000000
00000000001000000000001000000000000000000000000000000000000100000000010000000000010000001000000000000
00000000000000010000100000000000100000001001000010000000010000000010000100000010000001000010010000010
00101000001000000010011000000000000000000000000000000001000000010001000010011000000000000000001000000
00000100110000000000010000000001000000000000000100000000000000000000100000000001100000000000000000100
00101000100000000001000000000000000100000000000000000000010000000001100000000000100010001000000010000
00000000000000001000011000010000000000000000000000000011000100000000000000000000001000000000000000000
00010000100000000000101110000000010000000000000000000000000010000000100000100000010000001000000000100
00000000001010000000000000000000100001000000101001000000000000001100000000000000000000000000010000000
00000000000000000000000000000000000000000000000000010000000000000000000000000000001000000001000000010
00000100010000000000010000000100000000000000000000000111000001011000000000000000100000000000000001000
00000000000000001000100100100000000010000000000000010000000000010000101000000000000000000000000000000
10000000100000000000000000000001000000000000000000000000000000000000001000000000000000000000000000000
00000000100000000010000001000000000000000000000000000100000000000001000000100000000000000000000100000
00100000000000010000001001100001000000000000010000000001000000001000100000010000001000000000000000000
10000000000000000000000000000001000000000000000000000100101000000000000000000000010000000000000000000
10000000100000000000000011000000000000100000000100010000000000000001010000000000000000000000000000000
00010000000000010000010000000100000000000001010000000100000000000000000000000000000000010000000000000
00000000100001000000000000100001000000000010000000000000000000000000000000000000000100000000000000000
10000000000000000000001000000000000000000000000000100010010000000000000000100000100000000000000000000
01000000000001000000000000000000000000101000000000000000001000000001000000000100000000001000000000000
00000000000000000000100000000000000000000000000000000000000011000000001000000000000001000100000000000
01000000001000000000000000110000010001000000000000000000100000000000010110000001000000000000000000000
00001000000000100010010000000000000000000000000000000100100010000000000000000000001000000000010000100
00000000000000000010000000000000000000000001000000001000001000000000010001000000000000000000100000000
00000001100000100010000000000000100000000000000001000000000000000100000010000000000000000000000010010
00000000010000000000010010000000000100000010000000010000000000100000000000001000000000000000100000000
00000000010100000100000000000001000000000001010000000000010000001000000000100000000100000000000000000
00001000000000100000000000000100000000000000010000000100000000000001000100000001000000010000000000000
00000000000100100000000000000010000000000000000010111100001000000000100000000011000010000000000000000
00100000000010000000000000000000000010000100000000100000001100001100000000000010000001000000100000100
00000000000000100000001000000100000000000000000000000001000000000000000000010000000000010010100000000
00011000000001000000000000000100011000000000000000000000000000000000000001100000100100000000100000000
00000000000000000000000010001000001000000000001000000000010000000011000000010000000000000000001000000
10010000000000000000000000000000000000000000000000000000000000000000000000000100010001000001000000000
00000000001010000000000000000000000100000000000000010000010000001000001000000100100000000000000100000
00000000000000000000000010000000000000000001100000000000000000000100110000000000000000000000000011000
00010010000100000100000000000000000000000000000010010001000000000001000000000000101001010000000000000
01001000000000000000001000000000000000000010000000000000001000000000000000000001000010000000100000000
01000001000000001000000001000000000000000110000000001000000000000010000000000010000010000001000000100
01000001000000000000000000000000000000000000000000000000000000000000000100000000000000001000000000000
00000000000000000010010000000000000000000110000000000000000100110001000000000000000000000000000000000
00000100000000000100100001000000100000000000000000000000000000001000000110010011100000000000000010000
00000000000000000000101000100000000000010000010100010001000000010000000000001000000000000000000000000
00000000000000000110000000010000110000000000000000000000000000000000000000000000000000010000110000000
00000000000000000001000000000010000000100001000000000011000000001010000000000000000000011000000110010
00000010000000100000000000000000000010000000000100100101000000000000010000000001000000000000000000000
00001001000100000000000000001001000000000000000110000000001010001100000100000000000000000000000000000
00000000000000000000000000000000000000000000000000000000000000000000000000000000000010000000000010010
00000000010000000000000001000000000000000001000000000000000000000000000001000000010000000100000000000
00010000000000010010000100000000000001000000100000010010100000000110000000000000000000000000010000000
00000000000000000000001000010000000000000010100000000000000010000000110000000010000000000000010000100
00000000000010001000000000000000000001000000101000000000000000000000000000000000010000000000000000000
00000000000010001000001000001000000010000001000001000000000100010000000000000000000000100000000000000
00000000000000000000000000000000000000000000000000000000000000000000010010000000000000010000000001000
00000110000001000001000100000000000000000000000000010000000000000110000010000000001001000000000000000
01000001000000100010000000000000010000000000010000000010010000000000001000000000000010000000000100000
00000000000000000000000000110000101000000000000000000000000000000000010000000100000100000000100000010
00000000000000000000000010010000000100100000000000000000000001000000001000000000000001000000000000000
00000010000000000000000000000010000010000001101000101001000000000000000000001000000000000000010000000
00000001001000000000000001000000010000000000000010110000000000010000000010000000000000000000000000000
00000000000100000000000000001100000101000000000100010000000000000000000000000000000000010100010000000
00000010000010000000000010000000000001000000000000000100000000000000010000000001000000000000000000000
00100000001000100100000000000000000000000000000001001000000000000000000000000010000000000000000100000
00000000010000000000001000000010001010010010100000000000000000000000000000000000010100000000001000000
00000000000000000000000000000001000000100000000000000000000010010000100000000000000000000000000000000
00000001000100010100000000000000100000000000000000000010000100000000000000001000000000100000100000000
00000000000000000000000000000010010000001000000000010000010000000000000101000000000000000000000000000
00000001010100000000000000000000000000100001000000000000000000000000000000000000000000000001000001000
00000000000000000000000000100000000000001000000000100000000000000000000000000000000000000000000110010
10000000000000001000010100000000000000000000000001001001011001000100100010000000001000000001000000000
00000001001000000000000000000000000000000000000010000000010000000100000001010000000000001000010000000
00000000000000010000000000000011000001000000000000000000000010000000100010010000000110000101000000010
01000000000000000000000000100000001000000000000000000000001000000001110010000100000000000000000000010
01000000000000001000000010000010100000100100000000000000000000000010000000001000000000000000001000000
00000010000010010000100000000000001001101000100010000000010010000000000000100000010000000000100010000
00000100001001000110101000000001000000100100000000000000000001000000100000001000001010100000010100100
00000000000100001000000000000001000100000000000000000000000000000000000000000000000110000100100000000
00000001000000000001100000000000100000000000000101000110000000000000000000000010000000000010000000000
00000100000000000001000000000000000000000000000000000000000000000000010000000000000000000000000000000
00000000000001000000000000000000000000000010000000010100010000000010001110000000000010000001001100000
00001000000000100000010000001000000000000000000000000001100000000100000000000000010001000000000001010
00000000000000000000010000010000001000010000000000000000000000000000000000000001000000000000000000100
01000000010000000010010110001000000000000000000100000000000000000010000100000010000000000001001000000
00000000000001000011000000000010000000000100000000000000000000000000000000000000000001000000010011000
01000000000100000000000001000000000000000000100000000000000000000000000000000000100100000000000000000
00000000000000000000000000001001000100000000000000100000000000000000000000000000000000000000000000000
00000000000000001100000000000010000100000000000100000100000000100000000001000000001000000000000000000
00000000100100000100000000000000000100000000000000000000000001000000000000000000000010000000000000000
00000000000000000000100000000001001000000000001000000100000000000000000000010000000000000000000000000
00000000000000000000000000100100000001000000000000000000000000001000000000000000001000001101100001000
10111010000000000000000000000000000000000000001000010000000001000100000000001000001000000000000000010
10000000000000000000000000000001000000000000000000000000100001000000001000000000000000100000000000000
00001000000000001000000001000000000000010000001100000000100010010000000001000000001000000010000011000
01000010000000000000010000000000010000000000000000000000000000000000000000000000000011100000000100000
00000000010000100000000000010000100001000000010000000000100000000100000000010000000000000000100101000
00000000001000000001001000000000000000000000000001000000001000000000010010100000010010010000000000000
00000000000001000100001000000000000001000100010000100000000000000000011000000000010000000010000000100
10000000000000000000000000000000000000000000000000000100000001001010000100000000000000000101000100000
00000000000000000000000000000000000000000000000000000000000000000000000000000000000000000000000000000
