00100001000100000000001000010000000010010010001100001000101010000100001000000111111100011100000000010
10000110110000100000100000000001100001101000100000000000000011010110100000000000000000011100010011000
00000100000000000101100100011001001100010110010010000000000100001010000000100000110110011010100010100
00011000000010011000000000101000100010001100000100010010011000000000000101001000000100000000010100010
10111000000100000001110000110000001000011010101000000000101000000100001001000000000001110000000100011
11000100100000000000010110000000100000000001000100010011010100100000001001000000010000100101000001000
00010001001100000000001000000001000110000000010000010001000000010010100000000001001100000100001010110
00100001001010001000110000011101111100000001000000000111000101001110000000100001010110001000000100000
10010000001100000000000001000000000011000010010101001100001100000001100000000000001100000011101000000
00000000011100000101100100010000000000010000011000000000100000000000010100101100000111010000011000000
00000010000000000000000001000000100011000010110000000000000000000101000111000000011000101010101010111
11000001000000000101000010000010010000000000000000000100010100001010001001010000100001000010010000100
00100001000000100000001000010110010000010000000000000001000000000010000001100100100000000000001011010
00010101000011010100000101000000000000010001000001000100000011000001000100101001001000010000010000001
00000100000100000000010100010010001100010010000000000001000011001100000110001100000010100111000000100
11001110010000101001001101000010100010000101000000010010010001001000001000000000010001000001010001101
00000010011000111000110000001000100011010000000000000010000000000001000100000001000000100011001000110
01000001010000000111001000010000110010001010010010000100000110000000000010010000010000000111110010000
00000000101000101000001000110000000001110000000000010010000000001100000000110000000001000000000000010
11000100000000000000010000000100101000000011100010110000101010100100000000000001100000001100110100000
11001011000100000001101000001000010000001010001000100011000000000001000011000010000100110000000001000
00000000001101010000110000010000100000011000100000001000000000010001110010111010000000001000110000100
00100000001001100000000000000101000010001010001001001100000000001000001000010000000010001000000000110
00010000010000001001100001000011001100000000001101000000100000001001000001000001101010000100010010001
00010100000011001100110000000011111110000100011000110000000000001000011010010100100000110000000000000
01100001100101000011010010001000000100001000000101000010000101000110010001000011010000100100000010011
10000111000000010100101000000100000000000000000000100000000000100001101100100100111110100101100110011
11000011110010000010010000000000001001100110000000011000100010010001110011100110000100000001100010100
01100000000000000110001101000001001001001001000000000011010000100000100000010000100000000001000001111
00010000000011010000100010010101001100001010101110000010000000001110100011001110000010000010000110000
00010111001110011110000000110000010000010000100010000100000001010110000001010111110010010100100000100
10100000000100001011000101000010001100001000100001000101000000111000011000000000001100010110001000100
00100000100100000110001000000000100000000100000100110001000001000010000100010001001101010001000000101
10110001100100001011100001011010000010001001001011000011100000010011001000000001000000000000000011000
00000101000100000010111000000000010000000000000100100000000010000000000000111000001000010010001000000
00011001000001000000101001000101000010001000100000000100001100011000001001010010010000001000110000100
11000110000100000100010000000000010010010000100111001111100010000000000000010000101000010100001001100
00111000011001000100100000011001000000000000000100100100001001000001010001000000000100000000110000100
10001000000100100000101000000000100110100011110110000100000100001100010100010101010000010100100000000
10100110100000000000000001000000000000000000000010000110101000000010000001110000001000000010010001000
00000000100000000000000010100010100001100001001010000000000001010000000111010010010000111000001000011
00000000000001100000101000101000011101010101000000000001100110000100011101000000000000100001011100100
00000001110110010000000100000000100000000100010001000000000000000010000001001000000010100000000000000
00000000010011100001010001100000111110011010010000000000000110000000000110011111100100000010000000011
00100010100001100100000010100101000001000101001101100000001011010100101001000000001000001000001000110
00010000000001000000110000000100010001101100000000100000100011001100010100000000100010000001000010000
11010001000010000001000001000100000100001000001100000000001001010000001100111010000000000000010100000
10000000111000011000110010010001010000000000000000010110000010000000101000010000000000010011010000000
01000001100001000000000011110100011000010001001000100101100100000110000110010100010010000001111000000
00101000000000000000011000001000000111000010101000000001000010000010110001000010000000000000000100000
00000100001000100011100000001011000000001101000100000000000000011000001000010000010011110010011000010
00100000110000000100000010000101010111001101000001110010101010100101100010000001000000000110000000000
00000100100000000000010000100000100000000000100100010001010000000000001110001001000000000000000101100
10010000110010100010000000000100000100010010010111010100001010000010000000101101000000000101100100000
00100011000000001000000010000000001001000100000001000001101000001000001001011000100110000001001000100
10000001001001110001001000100000100000000000001000010011001101000100101110100100100111000010000010010
00000000001100101010000000100001001011001100000000000000000001001110000000000000000001010000100001110
10000000101000000000011001001100000000010000001000000000011100001001001000000000100000111000010100100
00001000000100000000000000100000000000001010001001010100100000101110010000000000111010011000110101001
01001000010000100000000001000001000010111010100000010000111110100100000101101100100100001111100000010
10010000000000110011101010000011000000001010000010000011000100000001100000000000000101000010000000000
01001100000001010000000000000000010010101001000110000000000000000100110111001000000001000001111001101
00000000000000100010000100110010000000000010000111110000100000100111100000101000000101101100001110110
10001000110001000000000001000001010100100010010000010010000100000001100000010000010010100000001000010
00011001100000010010000000100000000000000001010000010010110000000000000000010000000000001000000100000
00110010000000000100101100000000000100110000000011010000010000000110000000000000001000000000000100001
11011000000000000011100001101100000000000000010000000101000001001010001000000000001001000000010000000
00011000001000011111001001001000101010100000000001000001010001010000000000010001011100100100011000110
00000000001110000010111000100001000010000100000000100001100001010001110010000001000010000000000000010
00010000010001001011100100100000001111011001001000000001110000100010001011010100000000000100000110000
00000000000000110010000100010011001010001000100011100000101000000001000100010001000000010000000000000
10010111011100000110010000100000010100001010010010000011011101111000110010001100010100000100000000000
10010000000010000001110001000001101011000110011110100100000010001010000000010001000000000100000000000
00001101110000010010100101000001000010000100110000111100100000100100100001101001110100101010000000000
00101100010000110000100100000000100000101000000100000010001000000001001110000100001001000101100001100
10001000000000000100110000000000011000000100100000000010000000000001111100100000001000001100001000010
00010000000001000001000111000110000100110001010001010000001011000101010000101100010101101000000010000
00000001000000100000001011000100011101010001001101100001000011000010110000000111000000000001000000000
00000001000111100000000000000000000110000100100000011000011000000100011010010100000000000001000000100
00000010000100000001011101100110000000000000001001011001011100000001000000100000000101011000100001000
01000100000101001110000000100001001101000101100100000000010010001101110100010000001110100000000000000
00100000100010001100010000010000000000000010000000010010111000000010010010001011011000000101000001000
00001011000001001001001100000001001110011000000010010011010010100000001010001000000111001000001001000
00010110000110001001010011100000010000010110000010000001100100000100000001100100010001000100100101100
00000000000100010000001001001001000000000010010100001001000000000000100000000010000000100001010000100
00010001000001001100000001100000000001101001001101011000010001111010001000001101100010010000000000001
00001101000010000000000011110100010000000010000100000000100010001000100001000000000000100000000100000
00001000000100100001001010010000001001000101000001100001111000100110111000011000010010100001011000000
00010010100001100001000000010000000010110100000000000010100010000000001000000000100000001101000010100
10111000000010100001000010001000000010010000000001000000000100100000000100100000001010000010101000000
00001001101000000010000010100001000001101001000100101111001000000000000011100100100000000010000000100
00000000000010000000100001010111000011011000010101010011101001010100000111001001011101001000000100101
10001000000000001000100011000010001110000001000001000100000000010101000000010111000110010000101001001
11101100010001010000001000000100000100000000000000000100011000000000110100100000011001000010000100000
01110100000000000000000010000000000010100101000001011000100000000010010011010110000010000000001010001
10000001100000000000000000010000100000000100100100000100000101010100011000010000011100100000000100000
11001000001100000001000010100000000000000100100110011010000010000000000011100001000000010100101100100
10000001000000000000001010000000000000000001000100001100001000001000000100001001000001000101010100110
00001000000010110000001010100000000000010010001110011011000101000000000000100001001010010010001000000
00010010000100000101000000000010010000000000010001001000100011010000000111001001000110000000000000000
00100000001000010100100000000001010000000101000000100001000000000000101010100001010000000001001101000
