00001110010000000010000001010000010110110000100000110100000010000010000000100100000001001010000100000
00000100010000101000000010000001000000001001000000000000010000001001100000010001000100100011010001000
01000000110100100010000010000000010000100000000001000010011000000000010011010101000111001000000000100
01000011010000100010100000110000001110001100000100000010100000010000000010011000100000000001100000110
01000000000100000011000010011000000001010000100100100000001001110000000000101000110000000010010010001
10001010000000010001000100000000000011100000001100011000011010001101010110000011010000000110100010001
00010101000101100010110000010010000000000010000000000000110000000010000000111000000001011000100110000
00000000100001001100110000010000001100000011010011000100000000101000000000000000001001000000000000001
00000000001000001100001010100000101001100000000100101010000100000010000000001000000001111000010110001
00000001011000001011000000001100100000000000000100001000000011100001000000001100000000110000000010100
00001101000100000001000010000000100111100010000000001000101100000000000000010000110000100000000001000
00101110011011000101010010000100100001110000000000000000001011000000110000001001000000100001000000100
00001000010000100000000000100000110000001100000100100001000000001101001000000100010010000101101001001
10000000001101000000010010011001110100010000000001111100010000000000000010000101101010010000110000010
01001000100000001010001000100011010001001001101010001000000000100000100000001001000000001101010000000
00000001000100101000000010010000011000000011000001001100011100000000100010000000010000000001101100100
01001100100000100100100100001100001000001000000110001001010000011001000100010000010100000000000000000
00000010010100000010000010000000000000100001000000001001000000000010000010100000010100001010000000001
11110100010000010010101000011111010001100000001001000001000001000000100101110100000001110000000000000
01000000010000010010101101000010001000001000000000000100001000010101000011000001010000110111110010101
00011100001000000000000010000000000001010010100000000100101000011000000000000100000010000010000010110
00010100100000000101000111000100100000100001101001010000000001000001000101001011100000010000000110001
00001010000000000000000101010000001000000010000110000011100000000001000001000001001001000000000000000
00000000010100000000000001000010111000000100110000001010101001101000100000000010010010100110001000110
10001010000010001100110000000000010000000100100010000001101101101100011000100100100100000000000000000
01000101000001000000111111101101000000001101100000010000000011101100010100011000111000010100000000001
01000010010000101001101001010000100001001000010000001001101000001000101000011100001011000000000000011
00000100000010000010000000001001000110001010010100010010010000000110000100001000110100000010100101000
00000000000000000000000100000000110010000001100000011100110101010000000111000110100100101000010000000
00000110100000000111000111000100010001101000000001000000010000000100010000100001100001000101010100000
10000001011001000000100001100000100010000000010100001000110000100110000000000001110000001100001000000
00100000011000000001000101111000000000100100000101100100000001000010000100000000000000010001011000101
01000001001001000000100000000000100000001001100000100010000000000000100000101110100000000011100001101
00100000000001010010001000010111101100110100001000000100000001010000100100001000000100001001100000000
00000100000100010000100000000010100000000011000000000100000101000100001010101000000000100010010000000
00000000100000000010000000000000001000001000000000101100010100010001000100000010100100000000010000100
01011000010000000000000010000001000000000001000000000010100110000000001000000000010000000000001101000
00000000000101010100000101010100001010010010000000100101101000001101010000000010000010001011000000000
01011000000101001000000100000000100011000000001110000000101010001000000010000100010000100010000001001
00100101010010000100010000100000000000000010000010110010010100000010001001010000011000010101100000000
00101001111000000000000001010000001000000001001100000000000110000000000000010010100000010010000000011
00000011000100100000000001000000000000010011000000010100000000000000000000010100000100000010000101010
01000000000001100000011000000001000001000001000000000110001011110001101101100001000001000000010101000
00010100000101001010010001100001000010000110000000000000001001110010000000100000000011000001000010010
00000100001101000001101000000001100100000000100000010000100001000010001000100000000000001000000110100
11000000001100100010010010001000011000000100000000100001001010000110000110000000111000000000001000000
00000000000100101100000010000010000000000000010010010000001001100010000010000011010000000010100110000
01001000000000000000001000000000001000001000001000010000010010110000010100110000100000010101110001000
00000110000010000000000000001000001011010010000001000100001000000000100100001100001000001010110000000
00100000000101000100000001010000100101101001100000010001000000011001000000100000010000011000000000011
01010000000000110010000000000000000001100000001000001000010000101001110000001000100100000000010001001
00010000100000001011000000110010000101100110011101000000000000010010001000001011000000000000000100000
10001110000000000001010000000001000011000000101000000001000000010100000001010000011110101101000010010
10100000101000010011000001001110001000010000001010011000010000010000000001000000000111001100010001000
11000000010000101001001000010000000110000000010100010000100000100000000000000000000000010010100000100
00000000000010101100010100011000010010011000100010000100010100000000100110100000000110100110001010100
00010010101010011100101100101000010100001000000000100100000100000000010000000000000000000001100110000
11100000000010110000000000100101001000001000000001000000000000011101010001010000100010110001000000110
00000010010110000000000000010000000100011000111000000000001110010010100000100111101001000000100001000
11000000000000100101101100000110100000000000011000100000101000110000000010001000000000010000010000000
01000000001011100100001100010000000110000001001100001001011000100000100010000000100000000110100010000
01100101000000100000000000010000010100000100000000000110000010000000100001000110000000001000010111110
11100000010001000010000000000011100000011000100000100100010010000010100010101001110001000101010000000
00110111100100101011100000001000010001100101000000100101000000000001011000000010000000010000000001100
10000010000100100110101000000010000000000010110001001000100000111001100011000101000010000111011001010
01010100000000100000000010000001010100010000100100000000000000110100000100100001000000101000000000100
01000000000110000111000100100110110000000100010010000010000100000100001100100000010000100001100000001
01001000010001000001000010000101000100001000101000000000010000101000100000010010011100000000101000110
00100100100000010000000111000010000001000000010000000010010001010000000001010000000000000100000010100
00000000000000000000001010100010000010001000000100001000000011000010000110000010010010001100010001100
00001100000101001001000010001000001001000000010100110000000100000001100000000000010000111100000000000
00000000100000100001000010000000000100000000100001000010001011000000000011000001011000011100000000001
01000010001000100001001000010000000100001000001001000100011100001001000100000010000000000000010100001
01011000001010000000010001100101100000000010000000100000001010000000000110000100101000000000000110000
10001000000000001001001001000010000010100000000101000100010000000000101100100001010110110000101010101
00000000000000110110000010000100001000001101000101001000110000000000000101011000000000000010100010000
00001001100010000100110000100100000000000100000001000000100110000000110100010010010010001011000000110
00110101111110000000100011000001010010000000000110000011000110000000000001000111000010111101010000010
00101000110100011001001100000000000000000101000010001000000000000000100000000000000000001010001011010
00100010000101010001011000000001000000000100100000001000000011000000000011000000000001000011010000000
00000000000000000000000000010001000000000100000000010000000000000001100001000100000000000100000100000
00000100000001000000100101101000011010010000011000000001000011101000100011000111011011000000001010100
00000001000100110000000011000010010000000001100010000010010001010100010000010010100000001000110100001
00000000010000010000000000100000000000100000110000010011110001000000100001000000010010100001010001100
00001010100101010100000011001010001000001101101100000000000000001000001100000100010000110000000000000
00000001000000000000010100100010000001000001100010010000100100100000000000100101100101000110000000000
00101000100001001000010100001100000100100001010100000000000000011100100100010010001000000010000000010
00000000010000010100100100000001000000001010000100110000000000111010101101000000100011001000000100010
00010010000000000000000010000001001000001100100000101110010000001000100000010000000100001010000000101
00000001000001000110000000010000000100010100011011000000000000000000000000010101001011000010101000000
01000000110001101100000000000000100100100100100000000100100010000000001001100000001000100000000010111
00010000001000000101110010010000000000110100001000001100000000000010000000100000010000001010100100000
10100000110000010110001011000100001001101001101000100010000100100010000010000000111000000010000000110
01000010000010000000000000000011100010000000010001001000000000010000000010100000100000000000001001000
00001000000001000010100000000000001001100001000001011101000000111010000000000110001000111001010101110
00000001010000000100000000110101000000100000000010000010101000000000000101000000101001110000000001000
10010011000000000001100000000100100110010000000000001000100000010010100000010000100010001101100000010
00000100000100000011000100100000100000000100010010101000000010000010011010000000000000110101011000000
10000001010110000000100110000100000010000000010100000101110101000000100001001000110000010101010111010
00000000000000101000100100011010000001001010000100000010100000001000010000010000010010001000000000000
01010010000010100001000000110101101100001100010100000001000110000011000000101110000001001000111010100
