00001100000000000011110011000001001100000101100000000000110000010000001010000000111000001000000100101
00000000000110000011000000011000100001011100001000001011001000010000000001100000000100001000000000100
00000001100011000000000100001000010000001001000000000110101010000000000000000000100000101001000110000
00011111100000000000000010000000010101000000100100000011101000000001001000000000001110001001000010000
00000011001100000010100010010000100000001100000001111000000000000000100100010100000000000000000000000
10000001110000010000000000000011010000000000100001000000000010011001000101110000000010110000100100001
01000010010010000001000000010110000000000000001001110000000100000000001110000010001000100000010101000
00000000000001000000000010010000000000100010000101000100100000000001000010000000010001000000000001111
01011001000000000000100000101110110100010001001000010100000010100001100000000000000000000000100000000
01011100010100010000100100101100011000100000100000000100000111000001000010100000011000000000010000100
00000001000000000000001111000000000100100000100100100010000100100001000000010001000000011001000001000
10000100100100001101001010010000010000000100000100001000000011000010000000111000001100001010000000010
01000000000000110100000001001011000100011000011100100000100010011000000011010000000010000001011010100
00000001001100001101000000001000000000010101000000000000010000001000000000000000000100100100010100111
00000000001001000000000000100010000000000000000000000000000000011100011000101101010010000000101011000
11100000101100101000000000000000000101000000100100000001000000010000001000000001101010110000000000110
00001000110000010010001100011101000011001000000101000001000010000001001100101000000000001100000000000
10100001000001100110000100100000010001011000010000010001000110000001010000000000000100010010000011100
01011010010001110000101001000010011000001001000000001100010001110110000001000000011011001000001000110
00000010010100010001001000001001001000010001000010000000010010101110010111000011100000001111100100001
10010000000100001001000100100100000000000011010101001101001011100101001000000000001000001100000000000
00000011000000000001001110000001000000001000000000000010000010000010001100001000000100000011000001000
01000101100100000000000000010000000100000010000001010000100010001101100111001000101001110000000010111
00000000011101000011110000100001100001010010001001011000011001000100000001010110000000100001010000000
00000000101111100000001010100000000100010000000000000000010101001000000010010000110001000100000000001
00000000000100000101000010010001000010000100101010011101000000100000101100000010100001011000010000100
00100011000000001010000000000010001000001000000000000101000000000010001101000010001000011000010001001
10000100000001010010100100001010010110000110000100011010010010010101010100110101000100100000010000101
01100010010000000000000110000000000000001100010000100001000000100010000000001001000110000001000000000
10000001100111101000100001000010000100010000011001000001000001000010000000000001000001100101000010110
01000000011110000100010010000001010000000110000000010000000100000000110001000000100100000000001000011
01010100000100010000000000011000010110000000100000110001000010010100000010000000000000100010000010001
00000000011011000011100000000000110000010101100001100000101010000000101000011010100000000010010000000
00010000000000100100010000000001000010001000010011000100010010001000100000000001100100000100000001000
00000000000000010000101110010100001000000100000001000001011101100000101000011000000000000000001010000
11010010000000000000010000100101010110000001100000100100000000000000001011001001000000100011010010000
10001101110000100000000000000011000001001000111000000100010000001001000000000100000000000001001101100
00000000000100010000000000000011000011010000001110000101100001000100010100011000100010000000000100100
00100001001110100011000000000000000011010000000000001000010000000011001000000100111010010000110010000
00110001111000000001000100000000001001100001000001000000001000100000000110101100000110000000100100000
10101000100000001010001001111000100000100101100010110101000011011001000000100000000101001100011011001
00100000010000100000010000001000001100000100010000000001010001000000110100000000101110011111001000101
10001101101001100010110000001001010110010010000111100100000001001000111100100011100001000100001000000
01010001100100000100000000010001000000110000110000101010010100011100010110010000001000010100100100001
10001100001001010000000110000100000110100100010100001001000001100000000100000100001000010000100110000
00000001000000000000000000000000000010000000001001101110010000100001100100001000001000100100100000000
00000100000000010000000101000000000000000010100000001000110001100000100000000010101001000010010000010
10000001111000000101100000100010100000000000110011101110000001001000000000010010100010000010000010010
00011001001011001010000001000110000000000001000000100000100100000001000101000100000000100001000000111
00000000000010001000010000000001110110001000000000000000010000100001001000011000011100000011100000000
11011101000010001000000100000000001000001010000000000000010000100000100110100000010100101100110000000
00100000100000100100010011101001000000000000000001110001000001100010100000100110000101100010100010000
01000010100000001000010001001001000000000100110100110000000001001000010010010100110011100110001011011
00000110000000000001000000000001100001001100100000101100000011000000001101000000110111010100001010010
00000100101010000001010110000000100101110001000011100010101110000010111010100001000010001100010000010
01100000000100010010001010010000000100000100000100000100000000000100100001001000000000100000000000000
01000010011010000000000000001000011000000100000010110000001101000110000010000001000011000000011001000
10000000001010000010001001000000000011000011001100001110000001001000001000000000000000001101011010010
01100000000000001000001001000000000000001101100100000001000011000000000010000000000000000001010000001
10000000001100000000111100011000000010000000011110000100000010010001011000010000000000001010000000001
00100010000111000100000110011000000100100000110000001011100010111100000000001000000000100000000000010
01100110000100100100011001010010000000000000001100100100000000001000000000000000000000000000110010001
01000101000010000001000000000010100101000000010001000000000000000111100010000010001000100010000000001
00010000001001000000100000000000001001000000000010110000000011101010000000010100011000000010100000000
01000000110000000010000000000000100010101000001010000000001000110100100001001101010000000000110000110
00001000100000110000110100000010000000010101010000010000010000001100010000110001001000000010010100010
00110000100110110110010101100000010100010010100000001000001000000011010000000000100101010001101111001
00000000000100000010001000010100001011010000010001001000000001001010101110001100100011001001111000000
01000000100001001001001000000110001000001000010001111000101000000000000000010100001000000001000000000
00001010000000010011011000000010000000000000010000000101000000100011100000000000100000001101001000001
11000010000000000010011010101010110011000000000000100100010000000000000000010001111011010100100000101
00100000010011000000001111000001000100000001000100000001010000000001000101100001101000000000000000000
00010001010000000000101010000000000110000001110110100000101010110010100001000000010000000010010001010
11100000000001001010000000000100000000000000000110000000000000000000100001000000000001010001000000000
00000000000000000100110000100101010000001000000000001010000000000011000000000010000110000000010000000
01010000000000101100000001000001000000100000000001000000010010100100010000101000001001000000001000000
00000000000010010010000000100000010110001000000000000000000000000100000110000100110000011010000110000
01000010000001000000100000100100000000000001010000000000000000100010000000001000010001001101000000001
00000000010000010000000000011000111000100000001101000100001000100100010010000000001110100001000001001
00101010100000100011100001000000000001001010001000000000000100001000001000000000000000000000011000010
00000000110100011000000000000100101101000010100100000010000000000001000001001100011000000000000000001
11000111010010000000000011000000000000110100011100000001010000101001011000001000010100000110100000000
00001000101001000001000010000000100000001000001101000000001101000100000000100100101100010101110011000
01010000000001000010001000001010001000011000000010101000001000100000001000000000100010010001000000100
00100011000001100000000000000010000011000101001001100000000000001000110010101000000100001000001100000
00001000000000000000000000100000110001111001000000011010000000010010000100000010000101100001010000000
01100110000000110100000101000010000010000100000001000100000000000001010100000010100010000000010010010
00001000000000000010111000000000110110001000000100000100001001000100100000010000101010000000011011100
10000000010000000101010000000000010101000000101110101001010100001000000010000000011001011010001111011
00010011011010001000000011001101010000001101000101010011011100000001010000000001000100000011000010000
11100001000000000100000100010011100010000000010000001010000100011000000010000010001000100010010000000
00000000001000000000011000110000000011100010100100000001001101010000010001010100000010000100001001000
00000001101011000010001100001010000100010100000000000000000000000000001010001001110000010001010110101
00010000000000000100100001100110000000000101001000000000110010100010001000100010101000110000011000010
10000010010110100000000100100011001000000001010000001110000001000101000000011001001100010100001000000
00000000000000011111000000100010000000000001110010000001001000010001001000000000100100100000100010001
00100100000000000000100010000110001001011000001000000010100100000010000001000000000100100000000001000
00010100000000100010100101000010100100101010110100001000010010101000011000000100000000010000001100001
00010000010101010010100000000000111100001010000001001000100000000000000001000000001011001001000100001
00000000000000000111010000000100001000010000100001000010001100110100000010100010001000001001000100110
00001011000011100010010000010001000110001000000000110000000000000000100000000010001100000000000100010
