11000100000000000000000000000100000000000000000000000000000000000000000000000000000000000001000000000
00000000000000100000001001000000000010100100000000000000001000000000000000000000000100000110000000000
00100000010000000000000000000010000000000010101000000000000000000000000000000000000000000101000000000
00100000000000000000000000000000000000000100000000000000000000010000010000000100000000000100000100000
10001000000000000000110000010000000000000000000010000000000000000010000000001000000010000000000000000
00000010000000000000000000100000000000100100000000010010000010000000000000000100000000000000000000000
00010000000000000000000000000100000000000000000010000000000011000010110000000100001000001000000000000
00001000000100000001000001000000010010010010000000000010000001010000000000000000000001000000001000000
00000010000000000000000000000000100000000001000000000010100000000000000000000000000000000100110010010
00000000000001000010000000001010000010000100000010000001100010000000000010000000000000010001000000000
00000001000100000000100000100000010000010100000000000000000000000000000011101000000000000000000000000
00110010000000000000001000000000010010000010000001010000000000010001100000010000000000000000001000100
10001000010000000000000000001000000000100000000000000000000000000000000000000000000000000000000000000
00001001000100000000000000000000000000100000000000000010000000000000000000000000000000000000000000001
00000000010000000100000010000000000000000001001000000000100000001000000000000010000000000000000000000
11000000000000000000011000001000001000000000000000000000000000000011000010000001000000001000000000000
00000000000000000000000000000000001000000010000100000010000000000000000000000000000001000000000010101
00100100000000001000000000100000000000000000000100000000001000000000000100000000000000001000010000000
00000000000100000000000000000000000000100000001000000000110000000100000000010000000000100000000000000
00000000000000000000000010000000000001000000000000000101000110100000000000001100000100000001000000000
00000000000000000000000000000000000010000001000000000000000000000000000000000000000000000000000000000
00000000000000000000000001001000000000000000000100010100000000000000001001000000000000000000000000000
00100100000000000000001000000000000000000000000000100100000000000100110010000000000000000000000000000
00000000000000000000000010001100000000000000000000100000101000000000010100101100000000000000100000000
10000000000000000010000000000000000000000010000000000000010000000000000000000000001000000001000000000
01000100000000000010000010111000000000000111000001001000000100000000000001000100101000100100000000000
00000000010000000000000001000000000000010011000000100000000100000000001000000000000000000000000000000
00000000010000000100100000010010000000100000000000010000010000000000100000000000000000000000110000000
00000100000000000000000000010000100000000000000000101010000000000000000101000000000010000000000000000
00000000010000001000000000000000000000000000000000000000000000000000000000000000000001000000000010000
00000000000000000000000000001100001000000000010010001000000000001000000010000000000000000000000000000
00010000000000100000001000000000100000011000010001000011000000000000000000000000010000000000100000000
01000000000000000000000000000000000000000000000000000100000000000000000000100000000001000000000000101
00001000000000000000000000100000000010000000000010000001000000000010000000000000010000000000000100000
00001000000010000000000000000000000000000000000000000000000001000000000000000000100000001000000000000
00000000000000000000000000000000000000000110000000000000100000000010000010010000000000001010000010000
00000000000000000000000001000000000000000000100000000000000100000000000000000010000000010000010000100
00000110000001000000000001000000000010000011001000101001000100000000000000111000000000000000000000001
00000000001100001000000001000000000010100000000000000000000000000000000000000000000000000000000101001
00000000000000000000001001100000000000000000000100000000000010000010010100010000000000000001000000000
10000101000000000000001000000000000000000000010000000000000000100000001000000000000010000000000000000
00000000000001100000000000000010000000000000000000000010000100000000010010011100110000000000000000000
00010000000000000010000000000000000010000000000000000000000000000000100000000100000100000000000000100
00000001000000000000000000000010100000000000000100000000000100000000000000100000000000000001001000000
00000000000000000000100000000000001000000000100000000000000001000000000000000000000000000000000000100
00000000000000000000000000000000001000100100000000000010000100000110000000010000001000010000000010100
00000000000000000000000000000000000000000000000100000000000000000000100000000001000000000100000100000
00110000000000000000000000000000000000000000000000000000100000000000000000000000000001001000000100000
00000000010010000000000000000000001010001010000000000100001000000000000000000000000010000000010010000
00010000000000000000000010010000100001000000000000000011000000101000000001000100000000100000100100000
01000000000000000000010000000000000000000000000000000000001010000000000010000000000100010000000000000
00000000000000000000000000011011000000000000000100000000000100000010000000100000000000000000000010010
00000000010000000000000100000001100000010000000100001000000000000010000000000000100000000100000000000
01000001000001000000000000000000000000000100000000000000001001000000000000000000001000100000000000000
10100000000100000000000000010000000000000000000000000000000000000000000000000000000000001001001001000
00000000000000000000000000000001001010000100100000000000000000000000000000000000000000000000000000000
10000000010000000001000001011000001000000010000000100000001000100000000000000000000000100000000000001
00101000000000100000000000010000000000101000000000000100010000000000000100000001000001000000000000100
00000000000000000010010000000000000000100000000000000000000100000000000000000000000011000100000000000
00000010000000000000000000010000000000000000000011000000000001000010000100110000000000000100000000000
00000000000000000000100000000010000000000100010000000000000000000010000000100000000010000001110000000
00000000100000000100000000001000000000100000001000000010010100000000010001000000000000000010000000000
01100100000000000000000001000001000000010000000000000000000000010011000010000000000000000000000000000
10011000000010000000000000000000010000000000000000000001000000000100010000000000000000000001000000000
00000100000000000100010000000000000000001000000000000000000001100000000110000000000000000000000010010
10000100000000000000000000100000000000010001000000101000000010000000000000000000000000000000000001010
00001100000010000000000011010000000000000001000100000000000010000000000100000000010000000000000000000
00000000001100000000000100000000000000000000000001000000000000001100000000000001000000000010010000010
00000000000000000000000000000000000100000001000000000000000000100000000001000000010000000000001000000
10101000000000000000000110000000000000010110000000000000001000100001000000000001000011000010000000000
00000000000001000000000000000100000000000000000001000000000000001001000000000000000000100000000001000
00000000000001000000000000010000000000010000000000000010000000000000000000000000100000000010100101001
10000000000000000000000000000000000101000000000000100000100100000000000001000000000010000000001000000
00000000000000010000000001000000100000000000000000001000000000100000000000000000000000010000000000000
10011010000000100000000000010000000001000000000001010000000001000000000001010000100010000000000000001
00000000000000000000000000100000000000000000000011010000000000001000000100000000010100000000100000000
01000000000000001000000000000000000000000000100000100000100000000000000000000100000000000000000000000
00000000000100000000000010001000001000001000000000001000000000001000000001000000010000000000010000000
00000000000000000010000000000000100000000000000000000000000000010000010000100000000000000000000010000
00010000000100010001000000010000000000100010000000000001000010000000000000000000000000000000100100001
00000000000000000010100010100010001001000000000000000000100000001000100000000000000010000000000000000
00100000100000000100000000000000000001000000100000000000000000000000000000000100000101000000000000000
00001000100000000000000000010000000000000000000000000100000000001000000000000001000000000001100000000
01000000000000000000101000000000000001000000000000000000000000000000000100101000000000001000000000000
00000010000010000000000001000000000000000000000000000001000000000010100000000000000000000000000010000
00010000000000010000000000000000100000000000000000100000000000000000000000000010001000000000000000000
00000001100001000010000000000000000000000000000000100100110000000000000100000001000000000001000000000
01000000000000000100000100000010000000000000100010100000000001000000000000000000000000000000000000000
00001100000000100000000000000000000010000000000000000000000000000000000010000000010000000000000000000
00000000000000000000000000000100000000010010000000000000100000000000000010100100000000000000000000000
00000010000000000000000000000000000100001100000000000000000011000000000000000100000000000010010000000
00000000000000000010000000011000100001000000000000100000000100010000100000000000000000000000000000000
00000000000000000000100000000000000001001010100000000010000001000010000000001000000000010000000010001
00000000000000000000001100010000010010000000000100000000010100000000000000000001011000000000000000001
00000000000000000000000000000000000000000000000000010110000000010000000001000000000000000000000000000
10001000001000000000000110000100000000000010010000000100000010001000100000000001000001010000000000000
00000000000100100000000000001000010000000010000000000100001001000000000000000000000000000000000000000
10010010000000010000000000000000000011100000100100000000000000000000000000000000000000000000100000000
00000000000000100000000010000000100000100000000010000000000100000010000010100000000000000001110000000
00000010000000000000000000000000000000000000100000000000000000000000000101000000000000100010000010000
01000000000000001000000000000000000000000011000001000000000000000000000010000000000000000000000001000
