00000001000000101010000100000000000001000010000000110001000000000000000100000000000000001000000110100
00001001000010000000100000000110000010000000000000001010000000000000000000000000000000000000000000000
00100000000000011000000000000100000000100000001000000000000100000011000000001010000000000011000000000
00001000000010000000000001000000000000000000010000000000000000000000000000000000010000100000000011000
00000000010100001000000000000000100110000000100000000000010010000000100000000010000000000000000010000
01000010010000000000000000000000011100000000000000100010000101000000000000000100100000000010100000000
00001000000101000001000000010000000000000000000000000000000000000000001010000000000000000000100000000
00000000010000100000000000000000000000001000000000000000010000000000100000000000000000001000010000000
00000000000000000001000100000000000000000001000001100000000000101000000100000001100000000101000000000
00010010000010000100000000010000000000110000010000000100100000001000100000100000001000000000000000000
00100000000001000000100000000000000000000000000000000000010000000000000000001000000000000000000000000
00000000000000000000000010000000000000000010000010010000000100000001000000000000000001001100100000000
00100010000000000010001000000000000000000000000100000000000000000000000000000000000000001000000000000
00000000000000000000000000000100101000000000000000000000000000000000100010000000010000001010000000000
00100000000000000000011000000000010000000000001000000000000000000001000000000000000000000010000001000
00000000100000110000010000000100000100000000000000010000000000000000000000100000000000000000000010000
00010000000000001000000000000010000000000100001000001001000000000000000000000000000000100000000000000
00000000001110000000000000000000000000001000000100000000010000000111000010000000000010000000000000000
10000000010000010000000000000001000000000001000000100000000000000110000000000100001000100000001100010
00000000000000000100001000000000010000000001000000000000000000000000010000000001100000001010000000100
01000000000010000001000001000000010000000010000000000000000000000000000000010000000000000000000000000
00000000000000000001000000000000000000000000000010000010000000000000000000000000000010100000000000000
01000000000000000010010000000000000000100000001000000000000010000010000000000000010001001000010000010
01000000000000001000000000001100001000000000000000000000000000010011000000000100000000000000000000000
00001000001000000000000000000000010010000000000000001000100000000100000000010000000000000000010000000
10101000010000000000000000000000000000000000000000000000000010000000000010000100000000000000110001100
00000010000000000001000000100000100000000000000000000000000001000001000000000000100010010001010000000
00000100010000000000010000000001000100001000001000000010001000000000000000000000000000000000000000000
00100000000000000000000000000000010110000000000001100000000000000001010000000000010000000000000000100
01000000000000001000000010000000000000010000000000010000000000000000001000000000000001100000000000000
00100000001000100000000111100000000000010010000010000000000000000010000000001000100000000000000001000
10000000001000000000100100000000000010000000000001000000001100000001100000000000001000000000001010000
00000100000000000000000000000000000000010000000010000100000010000001010000000000001000000000000000000
00000000000000000000001011000000100000000000000101000000000000000100100000000000100000000000000000000
00000000000010000000100100101000100000001000000000001000000000000000100100000000010000001010101000000
00000000000000000000000000000000100000001000000000100000100010000000000000000000000000000000000000000
00000000000000000000100000000000000000000010000000000000010100000000000010000000000000100010000000000
00000000000000000000000000010000010011000000000000000001001000000000000000000000000000000000000000000
00000000000000011000000000000010001000010000010000000000000000000000000000000000011000011000000000000
00000001000001000000000000000000000000100000100000000100110000000000001000000001000000100100000000000
00000001000000001000000010000000000110001010000000100000100000000000000000000000000000010100000000000
00000000000000000000010000000000000010000000000000011000000100000000100000000000000000100010000000000
00000000000000010000000001000000000000000001000100000000000100000000000000000010010110000000000000000
10000000000000000000001001010000000010000000000000000000000000000000000000000100000000000000001000000
00000000000000000000000000000000001000001100100000101000000000010000000000000000000000000010010000000
00000000000010000000000000100000000010000001010000000000000000000001000000000001000000001000000000000
00001000010000000000000000000000000000000000010000000000000000000000100000010000000000000000000000000
00000000000001000000000000000000000000000000001000000110000001000000100000000000000000000000000000000
00001000000000000000000010100000000000000000000000000000000100010000001000000000000000000000010000000
10000001000000000100010001000000000000000100000010000000000000000000011000000000000000000110000000000
00000000000000000000010100000000000010000010000000000000000100100100000000000001110010000000000000100
00000000100010110000000000001000101101100000000000010000000000000000000000000000000010000001010000000
00000000000000000000010000010010010100000000000100000000001000000000000000000000000000000000000000000
01000000000000000010000000000000011000000000000010000000000000000001010000000000000000000000000001010
10100000000000000000000000010000000000000000000000000000110000000000000000100000000000000000000100000
00011100000010000000010000010010000000001010000000000000000000010000000000001001000000000000001000000
01000000000000000010000010010000000000000000000000000000000000001000000000010000000000000000100000000
00001010100000000011000000000010000000100100000000100000010000000000010000001000000001000000001000000
00000000000000000001000000000000000000000000000000000000010000000000000000000000000000000000000001000
00000000000000100000000010000010010000010000000000000000000000000000000000010000000000010100000000000
00000000001000000100000000100000100000000001000000000000000000000000100000000000000000000001000000000
00000000100000000001101000000000000001000000100000110100000000000100000000000000000000000000000010000
01000000000000010000000000001000000100000000000000010000010000000100001000000000000000000000000100000
00000000000000000011000010001000000000001000000000000010000000010000000000000000000100000000011000000
00100001000000000000100100010000000000000000000000000011000000000000100000000000010000000010000000000
00100000000000000000010000000000000000000010000000000000010000000001000010000010000000000000001010000
00001000001000000000000000000001000000010000000000100100000100000000100010000010110100000001000000000
10000110011010110000100100000000000100000000001000000000000000001000000000000000000000000000100000000
00000000000000000000000000000000000010100010000000000000000100000000000000010000000100000000000101100
00000000000000000001001000000000000000000000000000000000000001000000000000000100000001000000000000000
00000000010000000000010000000000000000000000000000100001000000110000000100000000000000100000001000000
00000000000000001000100000000000000000000000000000000000000000000000000000000101000000010001000000000
00100000000000000000000000000000001001000010000100100000000010100000010000100000000000000000000000000
00000001000000100000000010000000000000000000000000000010000000000000001000000011100000000010000001000
00000000000000100000000000000000000000000000000000000000010000000000000000100000000100000000001000000
00000000000000000000000000000000000001100010100000100000000000000000000000000000000000010000000000000
00000000000000000100000000000000000000001000000000001000000000001100000000000001001000010000000000000
01000010000000000000000100000010000000000100000000000000000000100000000000000001000000000000000000000
00001000000000000110000000000000000000000000100000000000000100000000010100000000001000010001000000010
00000000000000000000001100100000001000000100000010000000100000000000000000000000010000100000000000000
00010000000001000000000000000000000000100000000000000010000000000100000000000000000000000000000000000
00000000000000000001010000000000000000000000001000000010000100000000000000000000000000000000000010000
00000001000000000000000100010001000000000000000001100000001000000000000000000000001000000000000000000
00000010000000000000000000100000000000000000101000000000000000000000000000000000000000110000000000000
11000100000000100000000000001000000000000000000000000000100000000100000000000000010100000000000000100
00000000001010000000100000010000000100000000010000000001000000001000000001000000000010000000000000000
00100000000000000010010000000000000000000000011100000000000000000000000000000000001000000000000110000
00000101000000000010000000010000000010000000000101000000000000000011000000000000000000000000000000000
00000000000001100000000010000000000000000100000010010000000000000000000000000000000000101000000000000
00000100000000100110000010001000000000000000000000000000000000000000000000000000000000000000000100000
10000100010000000000000000000110110000001000000000000011000000000000010000000010001000010000000000000
00000000000000000000000000000000000000000000000000000000000000000000101000000100000000000000000000000
00000000000010000000000000000000000000000000000010000000000000000000000000100000011011010010000100000
00000010000000001000010000000001000001000001000001101010001000000000000101000000000000000000000000000
01000010000010000100010000000000000000000000000000000100000000010000000000000000010000000000000000000
00000000000000000000000000000000001100110100000100011001010000100000100000000000000000000000100000000
00010000001000000000000000000100000010100000000000000000000000000000000000000000000000001000000000000
11100000000001001100000000000000000000000000100001000100101000000000010000000010000000010000000001100
00000001000010000000011000000000000000000101010000000001000001000000001000000000000000000100010000000
00000000100000000000000000110000000000000000000000000000000000001000100000000000010000000000001000000
00000000000000000000000000000000000000000000000000000000000000000000000000000000000000000000000000000
