00101101000000001000100000010111100001001000000000000100101000010000011001100011100100100001010010000
00000000100000101101011000000100000001100100010100000101100010000000000000000000111000010001001100010
00001000100101001001001100000101110000000000000001000100000000000000001100000101000000001010000010000
00000000000011000000101100000000000100000100001010000000000000000000100000001000000100100000000000000
00011100000000000101000100000101001010000100000000000000000010010000110100000100010110111110001000110
10000100010010011100000010100000110100010000100000001110100100000000111000101001100000001000101110001
10000010100000000000100000101000000000010000000011010100000000000000010111000000000000000000101000000
00000000010100100011010000000000010100010010101010001000000011000001011000100010000000000000000000000
00000001001110000000000011010000001000001101001101001011000000000000000000000000001000101101100100001
00000010001101000010010000000010000001000100010000000000011011000000000100100010100100000000101000100
00001001000110000000000001001100100000000011100010000000111001100011010000000001000011000101100000000
10000000010010000000000000000000100110001010000000000000000010011100100000000000001100100000101010101
00010101000001010000000100000100000011001000000000001000001010000010001000100010110100100000101010001
01000000000000100010000001001000101011010100000100000100001001000010000000010000000000000100000101100
10001000010000000100000000000000001001000100100100000010000001010000001110000100110000010011000000000
11000000001000111010100000000000100000110000000000000001001001000010000010000000000000000001000000000
00001010100010000000010001000100010010001000000001000000100001011000101110110001011100001010010000100
00100010101000000000100100011110000010000000010000001110101001000000000000010000010000000001001001000
10010001000000100000011000011000000000101011001001100100000100101100000110010000000000100000010000100
00001000001000000010100000000000010100001001101001000010000001001010010000000000100001100100100001010
10000010000110000110000010010100001000100000000000110111000010000100000010110000000101000011001000110
01001101101010100000000011000100000100100000001000000010010000011010100010100001001000000010010001100
00001100100000000000000001010010100000100101000000010100100000010000000000100100100001001000100000101
10000000100000011000000000000000001000101010000000000000100100000000000000000010000010000000000110100
00000000000110010000000000000001001100000000000000011010011100000010010100000111100000010010010000000
00101101000000111001000010101000101110011000001001000000000101010001100000010001101100001001010000000
00000000000110001010010010000000010110010000100000000000100000000011001110000110100000000010110000000
01000001000010000000100100010001000000101010001101001000010011000001010001100000111010000111001100100
00110100000000010001000000010000101100000101000100100000000000101010100000100000100001001101001000010
11100000111000010000010000000000110100000100001100000000000000001001010000000010000100001010110000000
00000000001010000000100000000010100110001110000001000111001100000010000000000100000110010100001000000
01000101000100001000000000100000100001001000001010001100001000010000001000001000000011010100000001000
01101001010100000011001110010010000001011001000001010010100110010000100101100001010000011100000010110
00100001100100100010001001100000000000001001100000011001101101001000101000001010000110010010000001000
01000000001000110010100001001111000000100000100101000000001001010010000000001010000001010010000001000
01010000000000000000000000000001000000000010001000001111010100000000100010001000100000100010000000000
01000111010110001101000000000000010000101000000000000000000000110100001100000000010000110101001100010
01010100001100000001011001001000000000100100001000000100110011001100000000000001000110000000001010010
00010001000001001100101100000000000000100000000001010000000001100010000000011100000000101001100010000
01100000000100000010000010000100000101000000001000100000010000100100111010100000010001011100100000100
00001001100001001000001100000101010011010011001000000010000001000100000100100100001000010100011000000
00110000000100100100000010001010000110001011001001110000011011110111011000000000001110000000000100000
11101000000100101100000001001111100001100000001000110001000000010001001010011011100000111001001000001
00000001000011110011000010001010000100000010000111000000010111000000000000001000100100010000000000110
00001000100000000000000000101100001100010000001010000000000000000000001000100100000010000001000000001
00001000000010001000000100100001000001000001100001000000100000000001100101000001000111000000010000100
00000100010000000000010110000101000000101011011000000010110000000110000000010000000010100010111100101
01000000011001011000000000110100000100000000101110001110000000011011000000010111001111001100010110000
00100110100010000000101100000010010000000110000000010011100000000000000000000001000100001010000001110
00010000001001101101010010001000100000000110110000000111000001000000101100000000000010110000000000001
10000000010100101000001000010000000000000000010110010100010001000010001100000000000000000000110000000
00100000010011011100110000110000010000000000110000001001000001000000000010000101000000001011000000011
00100100000000000101110110010010110100000000000001110000110100001100011001100100000000000000001000000
01100000000000000011000000000001000000001000000000011010000100010000000010001000001000001000100001100
11111000001100010000100010000000010001010000010110000100000000000000000010010000100110000001001000000
01000010000010000100000000100000000110000001100000000100000000011000110000011001101000000000001010010
01000000000000010101000000011100100000000000000000100000000000000000000010000000000110001101110000000
00100000001001000000001000000110011111100010000000101000111100100000000010001000010100000100110001111
00010000000000000000100000000100110000000110011010001010010110001000000000000010000100000000100010000
01100000100000000000001000000011000000000000000100000100000100100100000000000100100010000000100000010
01000100001000000110100010101100000100000000000100010010010001100000000001001110000110100000001100000
10000100101100010000001010000110001000011000000000101100011001000100010000100100100001110001000111010
01010000010010000000110000001100100111100100100000011000000001010000000010000000100000000001000100000
11000111001000000000000101000010100110110000000001000000000000001001000101001001000000100011000110001
00000100000000010000000000001000010010000000001100000001000001010010000000100000110010001000010000001
00101000000000000000000011010101000010000000000001000010100010000000001000000000001010001110000000000
11001111000000100000000100000011111010011000000000010010000000101000100000010011100001100000000010101
00000001011001000001010101000010001000000011000001001000000000000000001001001000110000000100000000001
00000000001010000011000100010100001100000100010000000000010000100111000100000000000001000000000101000
00001000000000010011000000000101000000010100011000100000110010000101000001001000100000011001010001000
01000000010010000000011000000000010000010000100010100101000010001000000010101011100111000000001000001
00000011000101000100000000001100010001000000000000010011000000000000111000000010000000000000001000001
00100000010100000001010001000000011001000100000001010000010101100101110100100100000000101000000100000
10000000010011010100100011000100000000101101000010001101010000000010110000000000001001001000001000001
00000001010000000000011000000001001000010001000100000000000010000000000000110000101100000000100000000
10000100010001000010000010011001001100000000000000100000001000100010010000100100110000100000001001000
00000000001010000101110100000000000100011001000000110000000000100001000010011000010000100001001001100
10011000000100000000010100001100001000110000010001000011000001000000010011100001110000000010110000101
00100001100110000000110001010010001000010000100101000000001000000000010111000000110100001000110110000
00010000000100100000000001000100001000010010001001000000000001011000010000000001000000000000000000101
11000000000100011000000000000011001010000000011100100110010000000110000011000000010000010100000010010
01100000000101101000101000001000000000100010100001100000101111100000100000100000100001000001001000000
10001010110000010000101000000100000000000100000000001100010100101000010001100000101000000000010101001
00100000000011110010100000000010000010000000000010000010110000000000111110100010000000000000000001000
00000101100000001001100000001000010001011001010001100000010000101100111111001000011001000011001001010
00000000010000000100000100100010000100000000010000011000000000100000000011000010011111001000000010001
10001001010001101010000010000001000000000000100000000001011000000000100110000100000000010000000000000
00000000000000000000010000100000011100100100001000010000000001010101011010011000101100000010000000100
11110001000000011001000010110100011001100011000001100000010001101000000100101010101101000100010000000
10010000010000000001000100000010010010000010010000100000010101011000000011010001000001010000000010000
01001000000001000010000010010000000010001000001111010000001010100100101000110000101110100000000000100
00101001000000000000000000001100000001010001001100010000000000100011001101000000010010000101010100101
10000010000000000110000000000100001000010001100011001010011101001000000000000000010000000001001001001
10000000000101100100000100000001000100000001000000000011000010001100010000001100000001100001001000000
10000000001000010000000010010100000000000000010000000000010100000100000000000101010010001000010000010
10101010001000010001000101010000000100001000001001010000010011000100000001010000100000001000000000011
00000000010000001000110000000110100100000001000101010000010001001000000100000010000010100000000000000
00010000100011000110000001000101100100000100001000000010010000000010000010110001010000010000110000000
01100001000000000101000000110010001010000000000000110110000010000001100010000000110001100010000111000
10011000000000100000001110100110010001110010000000000000000100110000001100100001000010000101100000101
00010100000010000011000001101000010000000100010000000000001000000111000010000011000000100111000010000
