01001010010100000011000000000100010000011100000000000000010000100000011000000000011000010100100000000
01000101010000100100000000010000000011010010010000000010011100001010110000000000010000001000000100010
00001000001010110000100110100000100100000000001001001101000001001000000001000000000000001000010001000
00001010010010100100000000010001001001100000001000110000000000010000110000100100010110100000100100000
10000000000010010010000000010100000000000101000001100000000010001000010101000000001101000000100000011
10100000110000000001000101000000001110100000100000000000000010100000100000000000011001000000110000000
00100001000001000001011111000000000111010000000100100010001111000100000000001001010001111010000001100
00000000000000001111100001100000000000000011100110000000000100000000000001001000010000000000001000000
00000000000011010000000001110000010100000110000001101100011001001110000000000010010011001000011000000
00001101000000000001000011010100000001001011000000000001001000000100001000010000100000010100100000001
10000000100000000100001000001001000000100000000100000000000000000100000011101000000000010000000001000
00000000010010001000100010010100010010100100010000010001000000000101010001010110000010010011001000100
00010000100101100100000000010010100000000000000000000100000000000000000000001000110100010000001010000
01100000000100100100011100010010000101000100001000010011010000000001001001100001001010100000001000100
00111101000100100010001000100110000000011010000100010000000000000000000000000000010001101010000000101
00001000000001001000001010001000010000010010110000010001000100000001000000000010001000100010000100000
01011100000000001000011011100000001010001000000001000000010000001000000000100101000011000000010001000
00001000010001000001100000110000100011000000100100010011101100000001001001000000000101000100010101000
00010000000011010000000000001011010100001010010001000100000000011010010000100101000100100010011000000
10010000001001010011001000010101100101000000100000000010001000101100001010000000000100000100000101100
00010000000001001011011010000000010001000101000001000010000000000000101001100000000001000000000001001
01001000001011000000000100000100000000001000100001100000010000100000000000000000000000001001000100000
11001001000101000100001100000001000000000100001010011000001001100000001000000001000111010000000000001
00110001000000011000011001000000000001101001010010001001000100000000000000000000110001101100100010101
00000001000011011110000000000000111100000000010111000110001110010000100001000111010010110000100000001
11011001100000000111001000001000000000010101000001000000000100001100110011100100101001000110001000000
00000010101010010000010100000000000000000000100100000011000101000000001000101100001011001110000000000
11001100000010100000010011000000110100011000000001000100100000110000011000000100000110100000100100011
00001101010001000100000000100010011000000110000010000100011000110010001000001100101001001000000100100
11000000100100010000000010001001000000001000000100001110001001100110000001110000001001000000010000010
01000100000001001000000011001001000010010010010001000010000100001000111000000010000000110001000100001
00001010010000100001010100001001001000000010001001000100010000101010100010110000000000000000000000011
01000000010000001100001000000010110000000000000001010110000001000000000000000001010000100100010001010
10100000100000000100000000000000111101001000001001010110000000000100000000101001000000100000010100000
00100000101010111000000000010100000011000001000001110000110000100000001000100001010000000000000000100
00000000101110101100100000001010000100100000000100110000000001010000000010000100001000000000100000010
00010100000100000011000101000111000001000011000010011010000010010101001101000001000000000000101000010
00011000101100101000110000010000100000100010000000000000100000000000000000000010000000000000010000100
00001100010001101110000001010010000000011010000000110000000000000000001001010101000010000000001000001
00110010000100000001100000000010101001000011000000000000000000000000000010010100000000110000000000000
10000010000000001001010000000000000100000100000100100001110001001000110001000100100000011100000011010
10000000010010000000000000010010000001000010110010000001100000000000000110000101000011000001001100000
00000100000000000100100010001000000000010010100101000010000000101110000000100001100000001010000000001
00110100010001001000000000110000000000000011000110110011000000100001000000000101001010000011010000000
00000000001000010001001001100101111010010001101000010001000010010000000011001110000100000110000001000
10011001000001001100001100000000000000101000010000001000100000001001010101000010000010000010001000100
00011000000100001100010100101001100000001000000000000000100000001010000100011000000000010000110000100
00100000000000100101101000011100100010000101010001000000001000100000001100110101000000000000001000000
10000101100001000001000000001001001000000000000100000000100000010010100000000000100000000010000001110
10001001100000010000000000010001100011000000000110001000100011010001000001001010000000100100001000001
00000000001001001010011000100101000010000000001000000000101000000010000000100100010100101100001000100
10001001110011001000100000110001000011010100001100000000010100100000000000000100001001100001100011010
00000000010001101000010000110010011000110000000010110000000000000000000000001000001000000110000000011
00000001101100000011000010000000101000100000001011000000110010000110110010111000000011010001000000000
00001000000000000110000010000000100010000000100000110101000001000011100101001010101010010000000010000
10001001010000001000000000010000001100110101000010010001010000010110000000010010000100001100000000000
00100000100001100111000000011000000001001001100100010000001000110000101101100000100000110101001001010
00011000011010000110000101100000010100001010000001000000001000010000101011011110000100000100101000010
00001100001000001010000001001010000011010101110100010010010000000100110000000010100010000000101010000
00010010000111100001110100101000001001001100011011011010001001101100000000101011001010000101100100000
10010100000001000000000001100000100000000010001000100010001000001000000010000100010001100110010000101
11011000000010001000001000100010011000100000100010011111000010100000101000101010011001000001100100010
10111001000000001000010000000000001001000100000000011101100100001010000101001010000001000011000000100
00000000100001001101010111000011000001100000000000000100000010100000101000000100000000100100010001000
10101010100011001001000000001100001000000010100010100010000011000000000100001000000010101101000101100
00000001000000100000011000000010000111110000101101000000001100001100010000001000000001000000000001010
00000010010000100010101110010000010100000000001000000000000000000010010000010000000000000111001000111
00100000100000000001000001110000101100000101000000000001001001000100000110010001010000011011001011000
01110000100101001101101100000101010010000100001010100001010010010001111001110000110000010100000100000
10000000010100100100100101100000000000011000010010110000000000000001000010010100100000010000110000001
00110000000001011000110000001000100000001000110100000000100000000111001010000001100000101000100000000
10001001001101000101001000001011000000000000001011000000000000001000010000010001000000001100000101000
11110011000011000000101000010100000000000001011100001000001100101000100000100100000000100110000000000
01010000010100001000000000001100000001011111110100000000000000001000100000100011000001000000001000000
00010000001010100111100010111010001000000000001000001000000001010101000101000000000000010011000000011
00011000000000000000000000000101000110001000000000001100000100000000000000000000000100000100000000001
01000010000000101000010000001110000000000100100000001100000100010100000110101000010000000100000000011
10001000000000000110100100011000100000000001000100011000100000010000011000000000001000000000000100000
00001110001000001000001100010101010010000100000100001001000000011001100001001100000001000000001001000
11011001000000111010000001100001000001001101100000010010000000000010001000101000000100000001101000000
00100000000000100010000110000100101010000000010001000000100100011000101001000101101000101000001010110
00011000001001000010010100000000010110000001100100010101000000010001000010001100100000000100010000100
00001001100110000011100110000100000000001110000100001000000011101000101000000011100000100000010010111
11000001001000010100000000001011000000001010000010001000000000100000001110000100000000000011000010000
00000000010111000011100110110010001100000100100000010000101000110000100000110001000100000011111000001
00110000100001000000001000001000010011000011100000100100100000100110000010101000000001000000100001001
10000010100111010000011010001000100001000010100011100000000010000010000001000000110000010000000000000
01100001001000000000000000000100000000000000000010001000000100010001000100000100100100110010001000100
00000010110011000000100000000100000000000000010110000010000000000011101000010010000000000001000001011
00101000000000001001010110000000000000110001010011001000100000000100100100000100000100010000001010100
10000011101010101001001001000100001010000000000100000000000010000100000000000000000101000000010000100
10011100000000100000000001100000010100100000000100110100000100000000000001000100001100001000100000001
00000000110001000100001000011000100001000011001010011100000000000001010000001000000000001000001011000
00011001001011000000000100000011110010001000100000010000010011010110100011000101000010101000011000000
00100000101110100000000000010010000101110010100010000100000100000010000000100100100000100010110000100
00010000010000000100011000001001100000000000001010001000010100101001000000100010001000001000010000011
10001001001000000010000100100001000000001000010000111101010000000100010001101010100001000000100000001
00000001010000100010010011000000000100000110000010100000001000110110000000100000100000100000000001000
00010000100001010010000100010001010000001001010100010001010000001100001001000101000000100011000100000
00000110000001000100001010101000010000101000000001000100001011001100100000000000000000011010000000000
10100011001100001000110010001010000000011000001101100000000000001000010001000000001010000001000000100
