00000000010000001000110000001000000000000000000000010001000000000000010000110000000000000000000000000
00001000001000000110000000000000000010000100000000010000000000000000000000000100100000000001000000000
00000000100000010000001000000000000000000011100001010000000010010000000000000000010001010000000000000
00000000100001000000000000000000000100000000000000000000110000010000000000000000011000000101000000000
01011000000010000010000000100000000000000010001000000000000000000000000000000000000000000000000010000
00000000100000000000000000001000000000100000010000000000000010100000000000101000010000000000000000000
00000000000001000000010010000000000000000000000100000100010000000000000000100000100000000000010000000
00000000100000000100000000000000100000000100000001001000000000000000000000000000000000000000000000000
00000000000000010000000000010000000000000010000000100000000000000000100000001000000001000000001001010
00000000000000000000000001000000100000100000000000000000000100000000000000000000000000000000000000000
00000000100010000000000000000000000000000000000000000000000100010000000001010000000000001110000000000
00000000000000000000100000000000000001010000000000000000000000110100000000000000000001000000000000000
00010000000000000001000000000100000000000100000010000000000000000000000010000000000000000000010000000
00000000100000000000000000000000000001000000000000000101000000100000000010001000000000000000000000010
00000000000000000101000000000000000000000000000000000000000000010110000000000000000000000000000000000
00000000010000010010000000000001000100000000000100000000000110100000010000000000100000000010000000100
00000010000010000000001000000010000001000100001000000000000000010000000100100000000000000000000100010
01000000000000000001000000000000000000000000100000000001000000001000000000000000000000000001100000100
00000100000000000000000000000000000000000100000000000000000000000000000001000000010000000000000000000
01000000000000010000000000000100011000000101010000000000000000000000100000000000000000010000001100000
00000010000010000000000000000010000000000001000100000000000000000000010000000001000001000101000000000
00000100000000000000000000000000000000010000000000000000000000010000010000000000000000100011001000000
00001001000000000000000000000001000100000000100000000000000000000000000001000001000000000000000000000
00001000100100000010001000000000100001000000000000000000000000000000010000000011000000000000000000000
00000010000000000100000000010000101000000000000000000000100000000000000000000000000000000000000000000
00000000000000000000001000000000000000000010000000000010000000100000000000000000010000000000000100000
00000000000000110001100000000000000010000000100000000100000000101000000000000001000000000000001010000
00001000000000000000100000010000000000100000000000000001011000000000000000100000000010000000000000100
10000000000000001000101000000100010000010000000000000000000010000000000100001000000000000001000000000
00000000000000000000001000000000000000000000000000000000000000000000000000000000000000000000100000000
00000000100100000000001000000010000010000000001000000000000000000101000001000010000000000000000000000
10000000000000000001010000000000000000010000000000000000000100000000000001000000000000010001000000000
00100000000000000000000000000010000000000000000000000010000110000000000010001000100000000000000000100
00000000100000000000000001100000000000000011000000011000000100000000011000000001000000011010111000000
00000000000000000000000000000000001010100000000000000000000000000000000000000000000000001000000100000
00000000000000001000001000100000010000000000000000010100000000101000000000000000000010000100000000100
00100010000000000000000100000000000001000000100000000010000110000000000000000000000000000000010000000
11000000010000000000000001010000000000001001000000000001000000000000010000000000000000000000000000000
00000000000000000000000000000000000000100100000000000001000000010000100000000000000000000000100000000
00000000001000000000000000000000000000000000000000000100010000000000000000000000010000000001000001000
10010000000000000000000000000000000000010000000000000000000000010001000000000000000000000000010000000
00000000010000000000001000100110000000000000100010000000000110000010000000000001000100100000000000000
00100000000010000000000000000000010001000010000000000000001010000010000001010000000000101000000000010
00000000000000001000000010000000000000000000000001000000010000000000000000000000001000010000000000000
00000010000000000000000110000000000000000000000000000000000000000000000000000000000000000100010000000
00010000000000000010000010000000000001010100000010000000001000000000000000000000100000000001000000000
00000000000000100000000000000000000000000100000000000000011100100010100001000100000100000000000101000
00000000010000001000000000000000001010000000000000000000000010000001000000000000000100001001000001000
00000010000000000000100000000000000000000000001000001010001000010000000000000011000000010000010000100
01000100000000000001101000000000100000000000001000000000000000100000010000000000000000000000000000000
00000000000000000000000000000000000000000000000100000000001000000000100000100000100000000000000010000
10000000000000000000000000000000000000000000000000000100000001100000001001000000000000000000010000000
00010000000000000000010000000000000000000000000000000101000001000000000000100000000001011000000110000
00000000000010000000000000010000000000000000000000100000000000000100001000000000100100000000100000000
00000000001000000001000000000000000001000000000000000000000010001000000000000000010000000000001000000
01100000000001000100001000000000000000100001000000000000100000001000000100000000000001000000000000100
00000000000001001100001010000000000001100000000110011000000000000000000000000000001000000000000000100
00010100000000000000000010001000000000000000000010010000001000000000000000000000000000000000000000000
01100000000000000000000100000000000000010001000010000000000000000000000111000000010000001000000000000
00000000000000000000000000000000000000000000000000000000000000100000000000100000000000000000000011000
00000000001000010010000000000000000001000000000000000000000000000011000000000000010000000001000000000
10000000100101000110101000000000000010000000000010000000000000000010000100000000000000000000000010000
00001001000000000000000000000010000000000100000000000000000000000000000001000100110000000000000000000
00000000000000000000001000000000000001000001000000000000000000100100000000000000000000001000000000010
00000000000000000000100000000000010000001100011000001010101000000010000000000010000000000000000000000
00000010101000001100000000000000001001000000100000000000000000000000000000001000000000000000010000000
00000100000000000000000001000100000000100000000000000000001000000000000000000000000000000000000000000
00000000010000000001100001000000000000000000000000100000100010000000000000000010000000000000000000000
00000000000000000000000000000000001000000100000000000100000000000000010000000100000000000000000000000
00011100001000000000100000000000000000000000000000000100000000000001000000000100000000000000000000010
00000000000000001000000000000000000000000000000000010000000000000000000000010000001000000101000000000
00000000000001001000000000001000010000010100001000000000010100100110000001000000000000010000110100000
10100001001000000000100001000000000000010000000000010000000000000000000001000000000000000100110000000
00001000011100010000101000010000000000110000000000100000000000000010000000000000000010000000101000000
00001000000001100000001000100000000100000000000000001010000000000000000000000010000000000000000000110
01010000000000000100011000000000000000000000000000000010000000100000000001000000100001000000100000000
00000000100000000000000100001000000000000001000100011001000001010000001000000100100000000010001000000
00010000000010100000000000110000100000001000000000000000000000001000000000000000000000000000100000000
00000000000000000110000000000000000001001000001000000000101100010000000000000000000010000000000000000
10001000000000000000000000000000000000001000100000000010000100000000010000000000000000000000001000000
00001000010000000000000000000000000000100000000010110000000000000000000000000000000000001000000000000
00000000010000100100010000010000000000100000000000000000001100000000000000000000000000000000000000000
00000000000000100000000001000000000000000000000000000000100001000000000000000000000110000001100000000
00000000100100000000000000100010100000000000100000001000001000000000000000000000000000001010000000000
00000001000000000000000010100000000100000000000010000000000010001000000000010000001000010000000000000
00000000000000000000000000000000100000000000000000000000100000000000001000000010110010000000000000000
10010000100000000000000000001100000000000000000000001000010101001001000000000001000000001000000000000
00000000000000001000000000000000000000000000000000000100010000000000000000000100000000010000000000000
00000000000000010000000001000010000001010100001000001000000000000000000000000000100000001000010000000
00000010000000000000000000000000000000000010000000000000001000000100000000100001001001010000001000010
00010000000000000000000000000000000000000000000000100010000000000000000000000000000001001000000000000
00000000001000000000000000000000000000000001000010000100000000000100000000100000000010000000000000100
10001100000000000000000000000000000000000000010000000000100000000010000000000000000000000000000000000
10100000000000100100110010001010100001000000010000000000000001000100000000000000000000000000000000000
00000000100100100000000100010001000000001000000000000010000010000000000000000000000001000000000010010
00100000000000000000000000000000011000000000000000000001000000000010010010000000000000000001110000000
00000000100000000000000011000000001000100000000000000100000000001000000100000000000000000010000000000
00000000000000010100100000000000010000010000000001000000001000000001100000001000000000100000010110000
00000000100010001000000000000000000000000000000000000000010001000010000000000000000000000000000010000
00000010000000000000001000000001000000000101010011000000000100000000000000000000000000000000100000000
00000000000000000000000000000000000000000000000000000000000000000000000000000000000000000000000000000
