01100001000000001111000001101000101000001100000000000001100000000000001000011000000000000001110000011
10000000100100011010100000001100000000001000100000000001000001001000010000000001010000110000010010010
11000100000010101001010000110000001100010100000001010100010000000000111000100001010011000110110101010
00001000000011000000000000100010000000110000110010001000110000000000100000010000000000000010000100000
00101010001100100010000011100010000000011011001001000011100000001100000000000011000000000110001000010
10001010000000000101001010000101000000000101000100100100000001000001100000000000000000010100000011100
00100001001000111010100010000101101110000010000000000000110101100001000001011000100100000010001001101
00000000100000000000010000010100001000000000000001010010010000100100100000001010010010010110010000100
00000000010101100000011000000010000001000100100001000011001001010000011000100000000000000001010000010
00001000000010011000010000000110100000001001011001001000100110000000010100000100111000000000000001000
00001010100001100000000101000001000100100000000000000010000111101000000110000011000000000110000100101
11000010000011000010100010000100000110010010011000001110101000010001100111000000000010000110100000000
00100000101000010010100000000011010010101100000000000010001000000000000000000000000000100000100000000
10101101100100000001000010001001000000001010000100010010010111110001000000010100010000000110000011000
00011000010000110100000000000000000000100000101000001110001000000010000000000000100100000101010101000
01001000010001100000110000000000000101001000001010100010010100000010000100010000000110000110000100101
00000000001000001010101001010000100001010110000100000000001100100000100010111100010000000001100000010
00000001001001001000000000011000000000000000110000000100010010010000000001001000000010110011100011000
11000000001000000000000010110000000010001010011000010000000010000000000001010000100001001000010011010
00000110000111001000010010000000000000100001000100101011000010000000000101000010111000000000000100001
01000100100001001000010000000000000010000101100001100000101000000010000000000110010000110000110011110
11000000000000000000000001001000000100000100111000000111100000000001110000000010100001000100010100100
00000001000101100000000100000010000001000000001001000001000100010000000000001000000001001001000011100
00100000000010000000011001000000100000000100000000000101000000100000011000101000000100000100000010000
00000000100000100000000010000010000000000010000100000000100000100000001001011001101000100111101001000
01100010000010000000100000000100100100000001000000110011100000000000000000001000010010000100000000000
00000010101110101101000000100010000000000001011010000000100101000000010010011000110001101000010001000
10001010101100011001000100000000001000000001100010010010000101000010001110010000101010010000100100001
00100000000010001010011011000000010001000000000000100000110000000010000101000010000000000000000001000
00000000001100000101001010000100000000000001100100100000001111000000000011000000000000100000010000110
00011000000000000010010100100010011000000001000101000000100000010010001000001001000000100000001001001
10110100100100100101010000000010110000000000000010000000011010000000000010010110000000000000101000011
00000010000001000001000100001011000000000000010001000000000101100111010001000010010000010000100000101
10100001100100000000000000000010011000100000000000001010101000100001100000000100000000100001001000001
00000000110100000000001000011000000000100011100010000000000110010000000000000100100100010100000010000
00000010000010000111000001100000000001000100000100000100001010000011000010010100001000000011000001001
00010010011001000000010000000000000000100101000000011111010000000000100010010000000010001100010110000
00000111000001010000100000000000100000001001000000001000000100010000100000001000100000011101000000000
00010000000001010011010000000101000010101101001001001000000010000000000000000000100100100000010000000
00000100100111100000000001000001100000010001100011010001000010000000000100000000000000001000011000100
01001011000000000100110000000010000000110001000000000000011000000000000001010011010000000001000001000
00000010100000010000100001001000010100100000101000000000001100001100010000000000100000000001000001000
00100010010010000000000101000000011000000001000011010100000000011000001010000010011001010001000000011
00000001010001000100100000000000010000010000101001000001010000011100000010000000010000000000000000101
00101100000110001010000000000010100010001011001100100001110000000011001100100000000100000100000001000
11000000001000101001100011100111000000000010000010100000110000000001001000100000000000001000001000100
00000011000000000000000100000001000001100000000001000100001010000000101000001000011000010101000010100
00000000000010001010001110000000100011000010000010000100100001000100000010000010100001010010010001010
10101000001100001000011011000000100000011000000011000000000000110100110100010000001001110010100000000
10001000100101000100000000010000001010001000010010111000000000001000001000000101001100000000110100000
10000010100101001100000100100000000000000100010000001001100110001100100010000000001010000010100000010
01110100000010000000000010000010000110010100001000000101000000000000000000000000011001010001000101000
10000000000110000001001000100100000100000100101010010000101101110000101000011001010100100001000000000
00010100000000000000000001100000110001000101000000000000000100110100110000000001000000100100000001000
00000100110101000110000000000000000100101010000110101100100000000010001000000111100000010000100110111
00010010010001000001000011001001001000010000000010000001001000001010010101010111001000000010000000100
10000000000000010000101000001011000000011011000010101110011100000000110000010010010101001010010000001
01001000010000000000100001000000001101010011010000100100010001110010110001100000000001000000000010001
00000110000110000010010001000000010000010000000001000011110010110010110000000100100111000001001000010
10000110010000000011010101010000000010000000001000010001000000000110000001000000000000000000000011010
01000000100010001010111001011110000011010000011100000000010000000010110000100100000001100100000001001
00100000000000011000100000000101100000010101011100000000100000000111101000000000000000100000001000001
10010001001000101110000010001000000000000100100101000100001001110001010100000001000010000110000001111
01000000000101100100001000010000000100010010010000100000110110000010000000000100100100000001000101011
01000110100101000100010010000000110001010010011000000000000010010000000011011000000000000000100001000
00010000000111100011000010000000000110001110000010000011000100000101010100001110000000001000001010000
00010010000110010101000001000000000001000101000100000000010000100100000000010000010100010100001000000
00000010000010000000000000000000001110111001000000011000111100111101000001000000000010011100000100000
10100000000100001000000000010000101000010000000000001100000010000000000000000000100111000000000001000
00001000000000110010000000010010000000010001100001000010000000010011000100001000100000110001110000000
00010010011001111000000000010000000010000000101010000000100011010000010011001000001110110101000000100
00110100101001101000000000010000101010000110000000000100010100000001000000001000000010000110000001000
00000010001100000000101100111000010101001100000000110010110000010100001010110001010001100000000100100
00000010000001001100000011100000110101000111001000010010110011000000000001001111101010001011110000000
00010100011100000101000001000000010011110000000001000000000000010011100100100001000111000100000101110
00000000011100100001001000101001111000001000000001010000000011100000100000100001100001010000010000000
00000000000100011001001000010000100001000010000010001000101100010000010000000000010010110000000000001
01010000001010000000011010000100000101010010010000000000000010101000000001000100010000000000000000100
01110110000000000110001001100000000000100110111000000100100000000000100001010010000010000000110000100
11001000011100000001010010000101000001010001000100110101000001100010100100001010000000100000000100000
00100000000000000000000101000000000000000100000000001000100001011110001000011000000011000100100000000
10111000001100100010011000000001011000101000000000101000001100010100000000000010000101010100100000100
00000010010001000000100000000010001000100101000000000100000100000010100000001100101000000100000010000
00010001000100000000000000001000000000001000001010001000010010000000011100100000001011000000011000000
00000000010000110000000001110110000100000000000000001100000110110010100000001000100000001000000011110
00010010000100000000001000001010110100001000100001101000001100011011001001001000000000010011010100001
01010000000001000010110111000010001000111100010010000001100100000000000010010000000010000010011111000
00000000000010000000010000011000110000010010100010010010001000000001000000000100010001000001011010010
11000110010100000000100000000000100000000000000010000000001000010000100010011010001000000001000000010
00000011110101000100110000000010000101100000000110100010001101001010010110001000000001000000000000000
00001100101001000100000000011000000100000000001000100110000000001000101000110101011001100010100001010
10101000000000010000010010000000100100000000001001000101100100100001000001111010110010000010110000010
00101011100000000010100100000100000000010000001100000000100000010000000001101000000000010001001000011
00000010000011101000000000010000000000000001000000001010100000000101001101100000111000001000000011110
00000000001010011100101001010000110001100110010010010001001000001101011010000010000000011000010101010
00000010001000000100010100100000100100100001001011100000001000000000000000010100000001000010000000010
01100000010100000000000001000001100001000100100000000100000000010100000010000010100000010000000110000
01100000001000000100010100000000000100010010000000010100001000100100100011100001110010100101011001000
00000000010001000001000010001100100000000111100000010001010000000100101010000001000000000101000000001
00100010001110000000000000000001011000100011100011101010000000110100000000011110001100100000000100000
01000100000000001100000000001100100000000000000000101000000000000010110010101010101000010011000111000
