00000000000000000000100000000000000000100100110001000000010000000000010000000000000000000000000000000
00000000000000000000000000001000000000000000000000001000000000000000100000000000000001000000000000000
10000100000000100100000000000001000000000100000100100000000000000010010000000010000000000000000000000
00000000000000001000010010000000000010000000000010100000100000000000001000000000000001000100000000100
00000000000100001100010000000000000000000110000000000001010000010001000000000000000100000000000000000
00000100000000000000000100110000000001000000000000000100000000000000000010001000000110001000001000100
00000000000100000000000000010010000000001000000000000000100001000000000000001000001000000010000010000
00010000000000000000000000000000000010000000000001000000000000100000000000100000000000000100000000000
00010000010000001100000010000000001000000000010100000100010000000000001001000000000000000000000000100
00000000001000000000000000100000000000000000000000001000001000000100000100000000000001000000000000000
00010000000000000000001000000001000000000000000000001010000000000000000000000000000000000010001000000
10000000000000000000000000000010000000000000000000010000000000001000000000100010100000001000000000010
00010001011000000000100000001000010000000000000000000100000100010001010001110000100000000000000000100
00000000000000010000000000100000001000000010000000001000000000000000000010000010000000001010010000100
00000000000000000000000000000010000000000001001000000000001100001000000000000000000001001000100000001
00000100000001000000000100000010001000000000000001010001000000001100000000010010000000100010001000000
00000000000001000100000000000010000000000000000000000000100000000000000100000001011000000001100001000
00000000100000010000000000000000000000000000000001010000000000000000000011010010000000000001010000000
00001000000000000100000000001000000100000000000000100000000000000000100000000100100000000000000000010
10000000000000000000000100000000000000001000100001001100000000000000000000000000000010000000000000000
00000000100010000000000000000000000000000000000001001000010000000000000000000000000000100000000000010
00001000000000000001010000000001000000000000000000000001000000010000000100000000000000000000000000000
00000000100000000000010000000000000000001010110000000000000000000010000010000000000001000010001010100
01000000000100010000000010000000000000000000000000001000000000001000000000000000000000000000000000000
00000000000000000000000000010000000010001010110000010000001001000010000000000000000001000100000010000
00001100100100000000000101000000100000001000000000000000000000001101100000000000000100000000000001000
00000001000000000000010000010000000000000101000000010100000000000101001000000000100000000000000001000
00000010000000000000000000000000000000000000100000000000000000000000000000000000000000000011000010000
01000000000000000000011000000000000001100000100000000010000000000000000001000000000000100000001000001
00010000000000000000000000000000000000000000000000000000000000000000000000000010000010000000000000010
00100000010000000000000000010000010000000000000010000000010000000000100000000000010000000000010000100
00000000000001001000000001000010000000000000000000000000000000001000000000000000000010100000000100010
00000000100000000000011000000001000000000000000000000000000000100001000100001000000000000000000000000
00000000000000010100000000000001000000000001000010000000000000100001000000000000000000000100000100000
00000000000100000000000000000000000000000010000000100000000000001000000000000001001000000000010000000
00010000000000010000011000100000000000000000000000000100000100100000000000100100000000000000000000000
01000001000000000000000000000100010000000000000000000001010010000000000000000001000100000000000000000
00000000000010000000000000000000000000000001000000000000000000000000100010000000000000000000000100100
00100000000000001000000000000000100001000000000100100010001000000000000000000001000001001000000000000
01000000000000000100000000000000000000010000000000000000000000000000100010000000000000000000001010000
00100000000000001010000000000010100000000000000010000000000000000000000010000000001000100000000001100
00000000000000000000000010000000000000000010101000100000000000000000000100000000001000000000000000100
00000000001000000000010000000001000010010000000100000101000100000000010000000000000000000000000000000
00000000000000000000000000000000000100000000000000000000000000000000010000100000000101000100000000000
11000001000000001001000010100000000000000001000000000000000000000001000000000000000000010000000001000
00001000000000000000000000000000000000000000001000100000000000000000000000000000100000010000000000000
00000101001000001000010000000000001000001000000000100000000001100000000000010000001000010001000001000
00000000000000000000000100000000000010000001000001000000000010000000000000000001000010000000000000000
01001000010000000000000000000000000000000000000000000000000000010000000010011000001100100101010000000
00000000000000000000000100000000000000001000000100000000000000000000000000000000000010000000000101010
00000000000100010000000000000000000000000000000000000001000100010000000100000000000000000000000010100
00100000000000000000000000000000000000000000000000000000010000000100000000000001000000101010010011111
00000100000001000000010000000000000000000100000000000100100000010000100010100000000000110000001000000
00000010000011000000000001010000000000000000000000000000001010000000000000000010000001000000010000000
11000000000000000000000000001000000000000000000000000100000000000000000000010000010001000000000000010
00100000000000000000000000000000000000000000000000001000000000000000100000000000000000000000000000000
01000000000000100000000000010010000000000010000000000000000000000000000001000000000000000000000000000
10000000000000000000000000100000000000100000000010000000000000000000000000000000000100000000000000010
00000000000000000000010000000110000000000100000001000000100000101011000001000001000000100000000000000
00000000100001100001000000000100100000000000000010000001000001000000000100000000000000010000000000000
00000000000000000000000000000000000000000000010000000001001000000000000001000000000000000000001000000
00000000000000100000000000000100000000000000000000000000000100000000000000000000000100000000000000000
00000000000011000000000100000000000100000010100000001000001000000000000000110000010000000000000000000
00011000000001001010000000000000000100000010000000000000100001100000000000000000000000100000100010000
00000000000000000000000000000001001000000010000000000000001100000110100100000000000000000000000001000
00000000000010000000000000000000000000000000000000000000110000000000000000010100000000010000000000000
00000001000000100000000000000000000000010000010001000100000100000000010000000001011000000000000000000
00100000000000001000000000000000001000000000010100010000000001001000000000000100000100000000001000000
01000010000000000000000000000000000000000000000000000100100000000000000000000000010000000010101000000
01000000101010000000000000000000000000000000000100000000000001010000000000000000000000001100000000011
00000000000000101101000000000000110000000000001000000000000010000100000000000001001000000001000100000
10000010100000000000000001000000000000000001000000000000000000000000000000000000010010000000000000000
00100001000000100000100000000001000000100001000000000000000000110001000000000000000000010000000000000
00000001001000000000100000000000000000000000000000000101100000000100000000000000000000000000010000000
00000000000010000000010000001000000001000000000001000000000010000001000000011000001010000000000000001
00000000001000000000000000000000000001000001000100000000010000000000000000000000000000000000110000000
10000000000000000000000000000000000000000000000000000000000100000000000001000010000000000000000000000
00000010000000000000000100000001000000000100011000000000000000000000000000001001000000100001000001000
00000100000100010000100000000000010000000101100000000010000100010000000000000000000000000010100000000
00000000000000010000000000000000000001000001000000000000000000000010010100000000000000000000000001011
00010010000001000000000000100100001000000000001000000000000100000000000000000001000000010000000000000
00000100000000001000000000000000000000000000100010000000000000000000000001000000000000000010110000000
01000000000000001001000000100010100000000000010000000000000001010000000000000000010000000000000100000
00001000000100000000001000000100000100000100100000000010000000100000000000000101100001000000100000000
00000000000000000000100000000000001010000000000000000000000000001000000000010000000100000000000000000
01000000000101000000000000000010000010001000000000000100000000000000001000001000000010000000001000100
00000000001000100010000000000000000000000000000000000000000000000000000000000010000010000000100000011
00100000000000000000001000001000000000000000000000000100010000000000000000001000001000000000000000000
00000100000000000001000000000000000000000000000100000000000000001000001000000000000001000000000011000
00001000010000000100000000000000000000000000000010110000000000000001000000001000000000010000000000000
00000000000010000000001001000000000100000000000000000010000000000100000000000010000000000000000100000
00000000000000000000000000000000000001001000000000010000000000000000000000000000000000000000000000000
00010000000000100000000000000000000010001000000000000000100000000000001001000000000010000010100000010
00000000000000100000000100000000000000000000000000000000000000011000000000000010000000100000000001000
00000000010000000000001000000010000000000000000000000000000000000000000000000011000000000000000000000
00000001000000000000000000000000000000100000000000000101000000001000000000100000100000000010000000000
00000000000010010011010010000000010000000000000000000000000000110000000000010000000000000010010011000
00000000000000000000000000000000000000001000000000001000000000000100010000000000001000000010000000000
01000000000000000000000000000000000000000000000000011000000000000000000000000000000000000000000000001
00000000000100000000000000000000000000100000000000100000000000000001000001000100000000000000100000000
00000010000000000101000000000000000010000000000000000000000000000000000000001000000000100000010000000
