00100000000000000010000000011000000001000000000000000000000100010000000000000000000000000000000001100
00000000000000000000000000000000000001100010000000000100100000100000000000100000100000000000111001000
00000100000000000100000000000000100000000010000010000001010000000000000000000000000000000000000000100
00000100010000000000000000000010010000000000000000000000000000000000000100000010000000000000000000000
01000000100001000000011000000000100000000001000000000001000000000000000000000001000010000000101110000
00000000000100001000000000000000001000000111000000010010010000000000000000100000000000000000001000000
00000000000010000000001100000000000000000000001000000000010000000000000000000000010000000001100000000
01100000000000000000000000000000001000001000000000010000010000000000010001000000000000000100000001000
00000001010000000000000000100000000001001010000000000000100000100000000000000000000000010100000010000
00000000000000000000000000000000100000000000000000001100010010100000000010000000100100000000000000000
00000000000000000000000000000000010010000000000001000000000000000000000000000000000000000000010000000
00000000000000000100010011000000000010000000100010000000000010000000000000000000000000000010100100010
00000000000000010000000000010001000000000000000100000000000000000000010000000011100000000110000000000
00000000001001000000000000000000000000000000000000000000000001000000100100000000010000100000000000000
10000001000000000000010001000000000011100100100000000000001000000000000100001010000000000000000011000
00010000000000000000000000100000000010000000000000000000000010000101000000000000000001010001000001100
00000000000000000000000000000000000000000000000000000000000001000000000000000000000000000100000010000
00000000101000000000001000000000000000001010010010010000000000000000000000000000000000100000000000000
00000000000000001001000000110000000001000000000000000000000000000000100000000000000000000000000000000
00011001000000000000000000000000010000000000000000000010000000001000000001000000000010100010000000000
01000000000000000001000001000000000000000001000100000010000000000000000000010001000100000000000000010
00000000001000000000000000000000010000000000000000000100001000000010000000000000001000000000000000000
00100000000000000000000000001010000000101010001000000000000000000100000001000000000000000000000000000
00000000000000000000000000000000000010000000000001000010000000101000000000000000001000000000010000000
01000000000000000000000000000000000000000100000000100000000000000000000100000000000000000101000010000
00000010000000000100100001000000000000010000000100000000000000000000000000000000000001000000000000000
00000001000000000000100000100000000000000000000000010000000000101000000000101000001000000000100000100
00010000000000000000000010000000010000010000000010000010001000000001100000000000000000000000000001000
00100100000010000010000000000000001100000000000101000000000000000000000000000000000000000000000100000
00010001000100000000000100000100001100000000000000000000100000000000000000000100000000000100000000000
10101000000000000000000000010000000000100000100000010000000000000000100000010000000000000000010000000
00010000000010000000010000010100010000101011100000000000010000000000100000000000000000000000100000010
10000000010100100000000000000000001000010001000010000000000000010000000000000000000000000000000010000
00000000000000000000000001010000000000100000000000000001000000000010000100000000000000001010000001000
10010000000000000010000000010000010000000000000000000000000000000001000000110000001000000000000100000
00000000000000000000000000000000010000000000000000000010000110000000000010001001000000000000000000000
00010000001000001000100000000000100000000001000001000000000000000001001000000000000001000110000000010
00000000100011000000000000000000000010000000000000000000100101000000000000000010000000000000000000000
00000000001010000000000000000000000100001000000000000010100000000000000000000000000000000000000001000
00000000100001000000010000000000000010000000100000001000000000000010001000000110011000000000001001000
10000010000000000010001000001000000000000000000000000001011000010000001000000000000000001001000000000
00000000000000000000000000000000000000000000010000000000000000001000000000000001001000000100000000000
00000000000000000000000000001000001001010000000000100000000000000000000001000000000110000010000000000
11100010000000001000000000000010000000001000001100000000000000000000000000000000000000000000000000000
00000000000000000000000100000000010000000001000100000000000000000000000000000000000010000000000000000
01000001000000000001000000000000000000000000000000000000000000110000000001010001000000000000000000000
00000000011010000000000010001001000000000000100010000000000000000000000000001000000000010000010001000
00000000000000000000000001000000010000010000000000000000000000000100000000010000000000000000000000000
00000000010010001000001000000000010010001000000000000000000000000000000000000001000000000100010100110
01000100000100000000000000000000000000000100010000000000000000000000000010100001000000000000000000000
10000000000001000001000000010000000000000000000100000000000000000001000000000001000010010000010000000
00000000000000000000000110000000010000000001000100000000000000000100000010000000000010000000000000010
10000100000000000100000001000001010000000000000000000000000000000000000000000000000010100000001000000
00000000000000000010000000000000000000000000000000101000000000000000000000000000001000000000000000000
00000010000000000000001100000000000000000100000100001000000000000000000000000000000000000000100000000
00001000100000000000000001000000000000100000000001000010000000001000010010000100010000000010000101000
00000000000000000000000001000000000000000000000000000000000000000000000100000000000000000000000000000
00000000010000000000000000100000000000001010000000000000000000000001000100000000000000001000100000000
00000000000000000000001000000000000000000000000000000000000010000000000000000000000000000010100000000
00010000010000000010000000011000000000000001010000000000000000000100000010000100001000001000000000000
00001000010011000000000000000000000100000000000000000000000100010000000000000000100000000000000100000
00000000000000001000000000000000100000010000000000000000000000000000000000101000100000000000000000010
00000101000000001001001000001010000000000000000000000000000000000000000100000000000100000000000000100
00000000000000000000010010000001001100000000000000000000001000000011100000001000001000001011001000000
00100000000000000000000000010001000000000000000100000001000010000000100000000010100001010000100000010
00000000000000010001001000000010000000000000000000000000000000010000000100100000000000010100000000100
00000000100000000000000000000000010000000100000010000000000000000000000001000000000000000000000000000
00000010010100000010000000100000010000000100000000000010000001000000000000000000001100000000000000000
00000000001000000100001000100000000000000001000110000000000000000000000000000000000100000000000001000
00001000010000000000001000001000010000000100000100000000000000000100000000000000000000000100000010000
01000000001000000010010000000000000001000000000100000000000000000010000000000000000000000001000000010
00000000000001010000000001000110010000100000001000000011000000000000000100010000000000010000000001000
01000000000000000000001000000000000000000000000000000000001000000000000000010100000100000000000000000
00000000000000000001000001000000000011000000010010000001000001000000100000000000000000000000100000010
10000000000000000000001000010000010100000000000000000000010010000010000000000000000100000010000000000
01000000001001000000000000000000100000000000000000000010001000000100000000000000000000010000100000000
00000000000101000000010000000000000000001000000000000000001000000000000000001000100001010100000000000
00000000000000011000000000000000000000000000000000000000000100000000000000000000000000000000000000000
00010000000110010010000000000000000000010000100001100001000001100000000000100000000000000000000100000
00000000000000000000000001001000000000000000000000000000000000000000000100000000000001000000000010010
10000000000000000000000000000000000000010000000100000000000000000000100000000001000000000000000000000
00000100000100000010000000001001010000101111000000010000000010001000000000001000000000001000000000000
10100100000001000000000000000001000000000010000000000000000000000000000000000000000000000000000010000
00000100010000000000000000110000000010000000000000100000001001000100000000000000000000000001000000110
00000000000000000000000000000000000000000000100000000000000100000000000000100000000000000000101000010
01000010000000000000000000000000000000000100000000010100000000000000000000010100000000000000100000000
00000000000000000000000000000010000000000000000000000001000000000000000000000100000110100000010000000
00000001001000000100000000000000000000000000000000000000000010000000000010000000000000000000001000000
00010100110000000010101000000001000000000000000000100000000010010100000000000101000001000100010000000
01000000100000000000000100100000000000000000000001000010000000000100000000000000001000000000000000000
01000101000000001000000000010000000010001010000001000100100000000000000000001100010001001000000000000
00100100000010000001100000000000000000000000100000000000000000000010000000001000000000000000001000000
00000100000100100000000001000010000000000000000000010000000100000000000100000000000000000000100100000
00000000000000000000001000001000000000010000000000001000000010000001000000000000001000100010010000000
00000000000000000011000000000000101000001000001110000000000000100001000000000000010000000000000001000
00000000000000000010001100000000000100000000010000000000001000100000000000000000100000000000000000000
00000000000010000100000000010010000000100010100100000000000000100001000001000100000000000100100000000
00000000000000000000000000000000000000001000010000000101000000000000101000000000000000000000000010000
00000000000000001000000000010000100100000000000000000100000000000000000000000000000100000000100000000
10000000000000000000000000000000001010100000000000000000000000000000001000000000000000000000000000000
00000000000000000000000000000000000000000000000000000000000000000000000000000000000000000000000000000
