00000001001100001001000001000110001000101010000000000100011000000000001000000000000000000000010010001
10100110010011000000000001101001011001010000011000010000000000000000000001010000000000100000110000000
01010000100101000000100110000010100100001000100100101001010000100000000011000000100000001000000000000
10101100001000001100000001010100001010110010000110000000001001111010011100000101000010010000100100000
00001000000110110001111010000001001100110000101100000100000000011000100000000000000011100001100110011
11001000110100000010000001111010000100001110010101101100001110001100100000001000000010000010000101001
00110010001000110000001000010010000000100000001000111001010010011011000000111100010000000000110110011
01000001000001110000000001000000011100000000010100001000000011001100000010100010001001001010000000101
10110000110001000000000010100000001011001000000000100101000001101001001100101001010010011111000000000
00110101100100010110000001000000000001001001001000001000000000000000000010000000100001101101101100000
11010010010101001100000001100011000010011100000010100000000010000000100100000101000100000010010100010
00001000010111000010100000100000000000011010000010011110000010011000000100000010000000000000000000001
00001100010000111100010111100001000110010000100111001001010001011000010100000000000000101010000001100
00010001010000001000011000100000010100000001100100100010000011100100000000001000000000001000000100010
10010000100011001000010101100000001000010110000100110000000001000000001000010001110100000000000001000
10100000100000110110000000000000000000001000000000101000000000000110000001010001000000001101000000100
00000001000000001010101001000001101000000001000010000100100010000010100000010000000010000100000000110
00010000001000000010000000001000000000100000101001000000000100001100100010101010000100101000101000000
10000000100001010010001110010100000000000000001101011001000100000000100000001001000010000100100001000
11011100000010000100001000001000101011000000100100000110000110100011010000011010011000001000100110011
00110000100000110100001101000000000110100000100100100000110000000001000010000101000101101010000010100
11000110000000000010001000000000010001010010000011000000000010010000101110101100100000000000000100110
01011000100000000100000010100010010000011000000000000000000110000101110011000000000000101001000000001
00000000000000100100100000000100101000101100101110010101101100000011000010001011100000001000000100101
00011011100010111000000101000100000010000000001100010000000000000100001000100000100000001111101000000
00000000000000000100000011001001000000010000000000000000010000001001000110001000000000011001011100000
01100000100001101001000010001000001010000000010000001010001001000010000100000000110100001000000000010
00000101010001001001001100001000100101101000010000000010001000000000100000000010110000000000000000001
01100000001000000000000100010111010001100000001010001001110100000100000000000000111100000000000000010
00001000001000000101010100100001000000110001000001010001000010000000100000010000010000000000000000000
00000101001001101100010000000000001000010101100010000001101000011011101110000110000010100100100000101
00010000000001001000000001000000000010101000100000100100011000001010000001001001001100000011010011000
00000100000111011010000000010100000000000111001001001000100110000000110011000000110001100000000110001
01000000100000110000000000000011010111000000100000100000000000100100001000000000010000000101110110000
00010000001000001000010000000001000011000000000000111000001101000001001100100011000000001110000000000
01011001101101001010000100010001000000011000101001000010000010000000000010100010001010001100000011100
00000000000010000000101010010000000001000001000000000001000010001000110000000100001010100000011000000
11000000101000001110110000000011000100010000010011000000100100000100110000000000010001100000000110100
10000000011100100010001100000001010101001001000000000011100000010000001001000000000001100001100010000
00000000000101001011000000000101000000000000011010000101100100000010010000110011000111001000000010010
00101100000000000000000000101000010000000000100000101100001010100100010000110010000111010000010010011
10011000000000001111000000010110000011000100010100000000001000100010000100100111000000010100000000001
00000010100000100000000000100001000000110100000000000001101100000000000001000010000001000000010100110
00000000010000000000110101100000000000010010111101101110001101100011000001001000000010001000000100000
11101001110000000100000000000010100100011000000011010000110010000110000000001000000000111000000011010
00110010010000000101011011101001010001000000101010011000011001001000010001100010100000011001011000001
10110100010100000011100110110010100010100100000010001000010001100101001100000000000010101101000000011
10010010111000000010011101000100011010000000110010000000000000000100101000000100001100010010011000110
10001100001100000000000010100001000000010000011000100001000011001010001000010001100000010100010001000
01001000010100000001000010000011000110001010000000000000010011101000000111100010011010011000000110010
00000000000100100100011010011101000000010000000000000010011000100001000000000010010000001000001100000
00000000010001010011000110101000001101000010001000100101100000000101010001101000100000000001010100000
00001000110100000001000000000000010000001010001010000001001000000110001100000000011100000011001010100
00000001100000000000110111000010000111100100000000100000000010000000001010001101000000010000101010101
00000100000100100001011001000011000010001110000100000000101000000001010010011111001000100100000101010
01001010010000000001001001001000011010010010000101000001011010001100010011000000011000000001110000010
01000110000100000000011000101000000100000001100100000001010000010100000000001001110001001011000001001
00000000001100000000011000110000000000110000000001100001100011000101110110000110001000000000000010101
00000001000000101110001000110000000010110000000000110000000101000001000111000001000011000100000010001
10001100110000000001100000001000010000010010010010000000010001010010000000000011100000010000010101000
10000010010000010001100000001001000010100000011000000000001001001000000000011000001000100101101000001
01000001111000000000001101001000100001000001010010010100000010000011100011000111000000100010000001000
00100000000010011100100011000001100000100001000110101100000000000000000110000100100010000000000000000
10011001000000011001101001001000001100000001010000010001001001000000101100000000000001001000010101101
00000000000100100010000111100000001010001000100000001000100100010000000000010010010000001000101010000
00000000100010000000001000010001101000101100001001000100001001001000000011010001010000000110111010001
00000100000001100000010000100001010000101000000000100000100100100010100100000000000000000000001110010
01000000010111000000001001110000001000000100100110000100000010000010000101010001001000000010000000000
00001011000000000000000001001100000001000010011100001000000000101101000000000000010000000110000000010
01000100000100000100000000110110000000000000000000000000000100000001111101001000000110110110100000000
11000000001000000111100000000100010000000100100101000010000000000000000010001000000100000010000101000
01101010001010110000000100000000000101000001110000000010000000010001010001000001011000110001000100000
10000000000001010000100001001010000000010000000000000110010100100000000001000011000000000000000000110
00001001100011010000000001010000110000110010000000010000000000000010001011000101000010000000010000001
00000000100001100010001000100000000000100010000000000000100000110000110011010000010001000000000000000
00000010000001010001000001010000001010000000000000001001000000000000000000100100100000000101000110000
10100000000000010001101000010000000010000101000101000010010001001001001011000100000011001100001000000
00000011000000111000000001011000101100000100010110000000100111000001010111001011000010000000000011100
01000010010100010100100100100000010000010001100000010000110000110000000000100011100100000001001000010
00001000100010000110110000000001000000100000000010010101001100000000101000010001010010000110000001110
00101000010000001010011000000001000000010000000011100001000001011000100000000000001100000000000010000
10000001000001000000000000001110100001011100011001001000000000100000000110000010100010001000000000101
01000001000001100001010001100010001000000000000000000110100001001100000001000000110001100101100000000
00100000000101010000100010001100000000101000001001100000100100010110001000000011110001000100110011001
00100110000001010000000100011100001110100100000011000000000111000000000001000011110010000100101011011
00001010000000000100000111001001001100000010110100000010010000100000010000000000000101000000011100010
00010100010000010000000000100000100000010100000001000001100101000100010010010100000001100000000011000
00101110010000010000000000100000010000000001001100000101000100010000000001000001000000110100110100100
10000000001010101000000000011000000010000011000000000010001001000001101000111000000000100111100000000
00000000000001001110001010001100000000010000101000001000100101000001010000000010100001000000000000001
01000100110000000000010010010100110011011010010100110000000000000100010001000001100100100000110000000
11110000100000010001000110100100000000101000000000010100000010000001100000010000011000000000100000001
00010100100001100000100000000100010000000000000000111111101000100110001001000000100000011000000000000
00110000010000100001000010010000111100100000000010000011000000000001000000001000111010110101001101000
00001000000101011000001000000000100001010010000000001010000000010100010000100101010101110001000000000
00111000100001000000100100000100000001000001110000000010010000100000000000100111000100010000000001000
00000010010000000100111101011000001000000000000000000010000000000000010000010001000000000001001000110
01000100000010100011001110000000001100000000001001000110101001110000000000000100001000000101010010001
00000101100000111000000001100010010010000010100010010000001001110101001010000010100010001100000000110
00000000000110100000101000110000000000000000000000000010000100110011000000000000110100100000100011010
11000010000000000011000100010110000001011001011010110000100010000000001000001000100010000001110110110
