00000000100010101000000000010000010000100000100000000000001000000000000000100000000000000000000000000
00000010000000011000000000000000000000000000000000000000000010000000000001000000010000000000000000000
00010000000000000000000100010000000100000000000000000000000000000000100000000100000000000000000000000
00000000000000000000000000000000001100010000000000000000001000000000000000000000010000000000010000000
00000000000001000000000000000000100000000000001000000000000010001000000000000001001000001000000000100
00010000000010110000000010000000000000000000000000001100000000100000001000000001001000000100000010000
00000000000000100001000000001000000100000000000000100000000100010000000000000000000000000000110000000
00000000000100000000000000000101000000000000000000001000000000000000010000000100000000000000000000010
00000100000000100000001000000000001000000000001000000000000000001000000000000001000000100000000000010
00000000010110100100000010000011001000000000000001010000000000000011100100000000000000011010000010000
00001010000000000010000000000000000000000000100001000000000000100011000000000000000011000100001000000
00111000000010000010000000000001000000010000010000000000000000000000100100000000000000000100001000000
00010000000000000000000000010000001000000000000000000000000000000000000000000000000000000000000000000
00000000000000000100001000100000000000000000000000100100000100000000000100001000000100000000000000000
00000000000100000101000000001000000000010000000100000000000100000000000010001000000001000000000000000
00100000000000000000000000000000000000000100010000000001001000011000010000000100000000000000000000000
01000000000000000000000100000000000000100110000000000000100000010000001101000000000001000100000000000
10000000000000000000000000010000100000000000000000000000000010000000100000000001000000000000000000000
01000010000000000000000000000100000000000000000001000000001000000000000000000000100000001000000000000
00010000000000010000000000110000000010000000000000000000000000001000000000000010000010000000000001010
01000000100000000000000000000000000000000100000000000000000000000000000000010000010000010000000000000
00000000000000000000001000000000100000000010001000010010000000000000000000000000001000010100000000010
00000000000000000000000001000001000000000000000000000000010100000000000100000000000000010000000010000
00001000100000000000001010000001000000000000000010000000001000100000000000000001000000000000000000010
10110000000000010000000000000000000000010000000000000100000000000000000100000100000001000000000000000
00000001000000001000000000000000000000000000000000000000000010000000000000000001000000000010000000010
00000000000000000000000001000001000010000010000000000100000000000000000000000000010100000000001000000
00001001000000000000100000000010000100000000000000011000000100010000000000010000000000000000110001000
00000000000000000000110000000001000000000000000000000001010100001000000001000001000000000000000000000
00011000000000000000000000000000000100000000001000000010010000000000100001000000010000000010000000000
00000000000000001000000000000000000000000000000001000000000000000000000100000000000100000000000000000
00000000000000010000001000000000000000000000001000000000000010000000000000000000000000001000000000000
00001000000001000001001010000000010000000010000000010000010000010000000010000000000100000000010100100
00000000000000000000001000000000000000000000000000000000000000000000000000000000000000100000100100000
00100001000000000000000000000000000000000000000100001000000000101000000001000000000000000001000000000
01000001000000000010000000000010000000110010000000000000110001000110111100101000000000000000000000000
00000000000000000000000001100000000000010000000000000000000100000000000000010000000000010001000000000
00000000000000000000010000000000000001000000000100000000000001010010000010000000000000000000010000000
00000000000000000000000000000000000001000000000000000000000000001000010000000010100000010000000000000
10001000010000000000000000000000000000000001010010000000000000010000000000000110000000000000000000000
00000000000000000000100000000000000000000000000100000100001000100000000001000000000100001000000000000
00010001000010000000000000000000000100001000100000000000000010000000000010100000000000000000000000000
00000000000000000000000000000000010000000000000000000000000000000000000010100000100000000011000000000
10000000000100000000000000000000010000000000000000000000000000000000010000010001000000000000000000000
00000101000000000000000000000000000000010000000000100000000000000000001000000000000001000000000000010
00000000000000000000000001110000001100000001100000000000000000000000000000000100000000000010000000000
00100100000000000000000000000000000101000000000000100000000000000001000000000000000001000010000000010
00010000000000000000000000100000000001000000000000100000000000000000000000000000000001000000001000000
00000000000000000000010000100010000000000000000000000000000000000001000000000000000010000000000100000
00000000000000010000001000000010000000000100000010001000001000000000000000010000000000000010000000000
00000000000000000000000000000000000000000000000001000000000000000000000000000001000000100000000000010
00000010101000000000000000100001010000010100000000110000000000000000000001001000000000000000000000000
10000000000000001000001000000000001000000000000000000000100000000000000001010000000000000000100000000
00000000000000001000100000000110000100000000000000100000000000001010000000010000000000000010000000000
00000000100000000000100000000000000000001000000001000000010000000101000000000000000000000000000000100
10000000010000000000000000000000000000100001000101000000000000000000001000000100000000000010000100010
00000000110010100000110101000000010000010000010000000000000000000000000000100010000000000000000100000
00000000000000100000000000000001000000000100000001000000000000000001000000100000000000000000100100000
00000010000000011000000010000111000010000000000001000000000001100000001110101000000000000000000000000
00001000000001010000001000000000000000010000000000010010000000000000000000000000000001000000000000000
10000000000001000000000000000000000000000000010000000000001010001000001000001001000000000010000000000
00000000100000000000001000000000010000001000100000000000000001010000011000000100000001000000000000000
00010000000000000000000000000100000000000000000000110001000000011000001000000000000010010000000000000
00100000000000000000000000000000000000100000000000000000000000000000000000000100000000000000000011000
00000000000010000000000101000000010000000000001100000000000000000000010000000000001000000000000000000
00000000000000001000000000000001000000000000000000000010100000000000000000001000000000000000000100000
00000000000000100000000011000001000010001000010100101000000000000000001100100000000000000000000000000
10001010000000000000000000100000110000000000000000000000000000000000000100000001000010100000000000000
00000000000000000000000000010000000000100001100000000001000000010100010110000000000001000000000000000
10000000000000000100000000000100000000010000010000001000000000000000000000000000000000001010000000000
10000000000011000000000000000100010000000000000000000000000000000001000000000000100000000000000000000
00000000000000000001000000000000010000000001100000000000000000000000101000001000000010100000000000000
00000010000000000010001000000000101100000000000010010000000000000111000000000100110000000000000000000
00001000000000000110000000000000001000000100000000000000000010100000110101000000000010000100000100110
00000000000000000000010000000000001000001000000000000000000000000001000001000000001000000001000000110
01000000001001000000000000001000000000000001000000000100000001000000010000010000000000000000000000000
01000001100000000010000000010000010000000000000010000000000000000000000000011001001000010000000000010
00000000000000010000000000000000101000000000100000010000000000001001000000000000010001000000000000000
00010000000000000000001000000000010000010000000000000000000001000000000000000000000000100000000100000
10000000100000000000000000000000000000001010100000000000000000000000000000100000000101000000000000000
10100000000000000000000010000000000000000000000000010000000000000100010000000000000001000000000010000
00000000000000000000001000000000000000000000001000100000000001000000011000000000000000010100100010000
00100000000000000001100100000001000001000000100001000010000000000000000000000000100000000000001100100
00000000010000010001000100000100000000000000000000000000001000000000100000100000000000010001000000000
00100000000000000000000000000000000000000000000000000000000000000000000000000100010000000010000000000
00000010000100000000000010100000100000000000000000000001000000000000000000000100000000001000000010000
00000000000010000000000000100000000000001000000000000000000000001000000000000000000000000001000000000
00100000110010000000100000000001000001100000000100000100000001000011100000000000000010000000010000000
01000000000000000001000000000000000000000000000000000001100010001000000000000010000010000000000000000
00000000110000000000000100000000000000000000001010000000000000000000000000000001100000000010000000100
00000000000000000000000000000000100000000010000000000000010000010000010010000010000000000000000000000
00000000000000100000001000000100000000000000000000000000000001001000000100100100000000000000000000000
10000000000000000000000000000100000000000000000100000000000000000000001000010000011000100001000000000
00010000100000000000100000000000000000000000101000010111000001000000000000001100001000001000000010000
00000000000000000000110110100101000000000010000000100010000000000000000000010010001000000000000000000
00011100000110000000000000001001001000000000000000100000000000000010000100000100000000001001000000010
00000000001000000000000000000000000000010000000001000000000000000000000000000000010000000000000000000
01000010000000000000000000000000000001000000000000000000000100100000000000000100000001000000101000000
10001100000000001000000000000000001000000000000000000000000001000100000000011000000000000000000000100
00010000000100100000000000100000000000000010000000100000001000000100000010000000000000000010000000010
00000000000000000000000000000000000000000000000000000000000000000000000000000000000000000000000000000
