00010001000000000000000000000100000000000000000000000000000000000100100000000010000100100000000000001
00000000000000100001000000000000000110000000000000000110001000000000000000100110000000001000000001000
00000000000000100100000000000010000100100001000000000100000000100000000001001000010001000100000000100
00000000000000000000010000010100100000000000101000000000000000100000000100000000001000001000000000000
11000000000100000000000000000000110000010000000000110000001000000011000000000000000000010000000100000
00000000000000100010000001100000000000000000000000000000010000000000000000000000000000000000000000000
11000000100000000001000100000000000000000000000000000000000000000000000000000101000001000010000000000
00010000011000000001000100000000110010001000101000000000000001001001000001000100000000000000000000100
00000000100000000000000000000000000000001010100000000000010000010000000000000100010000011000000000000
00000000000000000100000000000000000000000000001000000001000000001000000011000000000000000000000000100
00000001001100000000000000000000000000000000000010011000001000000000010100000000010000000000110010000
00000000000000000000000000010000000000000000000000100000010000100000000000000000100000010000000001000
10000010000000000000000100000000000000000000001000100000010100000000000000110000000000100000000000100
00000000100000000000000000000000000000000000000000000000001000000000000000000000000100000000000000000
00000000000000000000000000000000000000001000000000000000010000000000000000000000000011000100000000010
00000000000000000000000000000001000000001000001000010000100000001000010010000100000101000100000000000
00000100000000000111000100000100000000000000100000000100000000000000000000000100000001000001000000000
00000000000001000010010000000100000010000000110000000000100000000001000000000000011000000000000000000
01001000000000000000000000000000000100000000100010000011000000010000010001010000000000000000000100000
00000000000000000000000000000000000001000000010001000000000000000000000000000000000000000000000000000
00000000010000000000000000010000010010100000000000100100000000000000000000000010000000001000000000000
01000000000000000000000000000000010000000000000000001000000001111001000100000010000000000000010000000
00100000011000000000000000100000000000000000000000000000001000001000000000000000000000000000000000000
00000000000000000000000100000010000011000100000000000010000000000000001000000000000000000010000000000
00100000000000000001001000000010100000000000010000100000000000010000100000101000000000000000000000000
00001000100000010000000000100100000000000000000000100000000000010000000000000000010100100000100100000
00000000000000000000000001000000000000000001000000010001000001000000011000000000000000000010000000001
00000000011000000000010001010000000010000010001000000000000100000000000010000000000000000000000000000
00000010001000000000000000000000000000000010100110000100001000000000000000000000010000000010000000000
00000000000000000000000100010000000000000000000000000000001000000010100000010000010000000000000010000
00000000100000000000000010000000010000000000100000000000010000000000000000000000000010000000100000000
10000000000000000000000000000000000000000000000001000001000000010000000000000000001000000000000010001
00000000000000000000010010100000000000000000000010100000000100010101000101000100000000000000000000000
10100111000000000100000000000000000001000100000000000000100101001000000000000010100010001000000000000
00000000000000000000000010000000000000000000000000000000000000000111100001100000000001000000000000000
00101000000100000000000000000000000100000000010000000000000000000000000000000001000000000000001000001
00000000000000000000000000100000000010000000010001000000000000010000000000000000000000000000010000010
00000100100000000000000000000011000000000001000000000000000000000000001000000000001000000000010110000
00000000100000100001001000001000000000000001000000000000000000000000000000010000000000000000000000000
00001001000000100000001000000001001000000000000100100000010000000000000000000000000000000001000010000
00000100000000000000000001000000101000001000000000000010000000010000000100010000100000000000000000100
00000000000000000110000000001000000000100000100000000100000000000000010010000000000001000000000000000
00000000000000000000100000000000000000000000000001000000000010000100000000000000100001000000000000100
00000011010000000000000000010000000000000000000000000001000000001000000010000000000000001000010000000
00000000000000000000010000000010000000000011000001000000000000100011000001000000000000000000001000000
00000000000010000010000000010000000000010000000010000000000000000000001000000000000000100110100000000
00000000000000110000000000000000000000000000001001000000000000000001000000001000000000000010000000000
00000000000000000000010100001110000100000000000000000000000000100000000000000000000000000000001000010
00000010000000100000000000010001000000001000000000000100000000001000001001000000000000000010000000000
00000000010000010000000101000000000000000100000000000000000000000000000000000000000000000000000100000
00010000000000000000000000000000000000000000000000000000000000001000000000100001010000000000000000000
10000010100000100000000000100100000010000000100000100010000100010000000000000000000000101000000010000
00000000000000000010000000000000100000110001000000000000000100000010010000000001010000100000010000001
10010100000000000000000001000000000010000000000000000000000100000000000000000000000000100000000000000
10100000000000000000100000000000000000010000000000100000000000000101000000000000000000000100000000000
00000000001010001000000000001000000000000010010010000000000000000000000000010000100000000000001000000
00000001000000000000000000000100010000000000001000000000000000000000000110000000000000000001000000100
01000000000100000001000000000000000000010001100000000000001000100000000000000000100000000000000000000
00000010000000000000000000000000000000000000001000000000000000001010000000000000000000011000010100100
00010000001000000000000000000010000000000001001000000010010000000000100000100000000000000000100000000
00000000000000001000011010000000100000000100100001000000000000000001000000000000000000000100000000000
01000000000000000000000010000000001000010110000000000000100000101000000001000000010000001000000000000
00010000100000000000000000001110001000010010000000000000000000010000000000000001001000000000100000000
00000001000000100000000000001000000110000000000000000001000100000000000000000000000000001001000000001
00000000000000010000000000000000000000000000010000010000000000000010001000000000000000101100000000000
10000000010000000100000000000000010000000000000000000000000000000000000100001000000000000000000000001
00001000000010000000000011001000000000000000000001000000000010000000010000000000000000000000010000000
00001000000000100001000000100000000000000000000010010000100000000000000000000000000001000000000000000
00000000000000000000000000000000000000000000000000000000100000000000000000100001100000000000000000000
00000000010000000000100000000000000000001000000010000001100000010010000000100000000011000000000000000
00100000000000000001101000000000000000000000000000000100000101100000000000000000000000000001000001100
01000000000000000000000000000000100000000000000000001000000000000001000000100010000000000001100000000
00000001001000000000000100100000000000000001000001000000000010000010000000000000000000000100000000000
00110100000000000000000000000000000001000010000000001000010000000000000000000000000100100000000000000
00000010001000000010100000000000000000000000000000000000000010010011000010000000000000000000000000000
10010000000001000000000000100000001100000000000000000000000001000100100010000001000000000000000001000
00000000000001000000000000000001000000000100000000001000100000000000000000000000000001000000100000000
01000000010000100000000000000000000000000100000000000010000000000000001000000100000000000000001001000
00010000000000010000000001000000000000000000000001000000100001100100000000000000000100000000000000000
00000000000000000000000000100000000000010010000000000000000000001000100000000000000000010000000000000
00001000000000010001000000000000000000010000000000000000100000000000010000000000101001000000000000000
00000000000000000001000000100000000000000000000000000000000000000100010000000000000000000000100110000
10011000000000000000000000000000000010001000000010000000000010100010100000100010100000010000000100000
00000000000000010010000000000010000000000000000010000011000000001011000010001000000000000000000000000
01000000000100000000000010010000000000100010000010000000010000000000000010000000000000100000000000000
00000000001100000000000000000000001000000001010000000011000000000100100000000000100000001000000000000
10000000100000000100000000000100000010000000000000000000000000000100000000001000010000000010000010000
00000000001000000000000000000001000000001010010000000000000000000000000000010010000000100000000000000
00000000000010000000000000101000001000000100000000000000000000000000000010000000100000000000000000000
00000000000000000000000010000010000100000001000000000000000001000000000000000001001000000000001000000
00000000000000000000100000000000000000000000100001001000000000000001000000000000001000000000000100000
10000100101000000000000100000000000000000000000000000000000000000000101000000000000000000000000100000
00000010000000000000000000000000000000000000100000000000010000000000000001000110000010000000000000000
00000000000000101000000000000000000101000000000000001000000100000000000000000010000000000000010100000
00000000000100010000000001001000000000100000000000000001100010000000000000000000000010000000000000000
00000000000000000010001001000000000100000000000000000000000000000000000100000000100000000000000000010
01000000000000001000000000000010000000000000000100000000000010000000000000000100000000100000100000000
00000000000000000000000001000000000000000000000000000000000100000000000000100001100000000000000000000
00000000000000000010000001000000000000100100000000000000000000000000000100100000010000001000000100000
00010001000000000000000000000000000000000001100001000000001100000100010001010000001000000000000001000
00100010000000000000000010000000010000000000000000001000000001010000000000000000000000000000000000000
