00000100000000100100000000000100001000010000001001010000101100100011000000101000100100010000001100100
00100100100001000000110011001000100001100100011110000000000100101011000010001000000000010000010101000
00000011000010000001000000000100111100000011000001100000000011100000100101011000010100000000000100000
01000000000000000000011100010101010000010110000000000000000000100000100001001000000001011101000011010
10000000010010000000010010010100100000100000011101101100001010010000000010100010100001011100001000001
01011100100011010000010001010110010100000000001000000000110100001110010100001000000010001000110000001
00000000000000010010100001000010000000001001100000000100011000010110001000001010001000000000000010010
10101010001100001100100000000000001000000001010011101100000000111100011000000010010000010101100110010
00000010100000100000000000001000110000000000001010101000000000010000111000000010001110000000000000000
00100100100000000001000000110010100001011010100000000000000000000000101101100001100000000010001010000
01001110000100100000110001110000101000110000100000000010001000001010000110100000101110001010000000001
00001000000000000011000000000000000010100001001001100100100001000000100100010001010010001000001010001
00000010010000000001010000000000010000001000001111100111000100000000000010000011100000000010000000010
00010000100000010000110100001000000100010010000000001100110001000000101010101000000110000000000000000
10011100000000010011101010001000110100100110000000010000001100000000011000010100010000110001000010001
00111000000011000100100000110001000100100001000001000101000001010000000100000001100011001100000000000
00000100100000000001001011000000000000111010010000001010000000000101100001001010110001000000000001011
00100111100000000000000000100000100101000010000000001000000110010001110000000000010100000000010110001
00101000000000001100000010000011100010101000000000000001001000100000000000100000000000010010001010000
00000000010001000001100110101000100000100010100000010000000000000000000000000110010000001000010010001
00010001100010011000000111101010010010011110000000000001001000000010001000100101001000000001110000000
10000000100000100000001101001111010000001010100010100010110010001000000000001000000000001110000000010
01011001101110000000000100100110000010000000011000001001001010100001000010110000010000000000000100010
00000000001001000100000000001011001000110001010001000001110000100000000000001000001001000010000000000
00100000011001000100001000001110000010100000000000001001100011000000000010000000010000010000000000001
00000010100000001000110001100100011000001101001000010001101000001000101000101000100000001000010000010
01000000000000000001100011000001010011010010000100000000010010000001000000101000000100010101110000100
11000000000010001000000000000100010000111000101110000001110011100011100000100001001001000100100101111
00000000000000001010000001000001111110010001100101100010100010100010001000001100000000110000000000010
10000000000100000110010000000000001000000010000010010000110110100011001000010100110100000101100001000
00001011011000000100000000000010000000000101100001000010000000110000000001010000100100010100011001100
01000100010000101010000100011100000101101010000100100010100000100010000000010000011000000010000000000
01110001100000010110000100001010010001001010000000100001100000000001011000100010000000001000000001101
00110100001000001000000101010100010000101100011000000010001001000001000100010000001001001001110000000
01101001100100010101000000001010000000101001001000101100000010100001001000100000010000001000100001000
10100000000001010000000101101001100000100000010100001000001100000000000000100000101001010000100010000
01101001000000100000101000100110010001000000000000000100010100011100000101000001000000010100000001000
00000010010010100001000010001000100000000000110000100010000000001000001000010000001001000100000101000
10001110000010000000000000100110010000000000100100001000000011000000000100001000000110100010000000010
01000000110100000100010000011011000110000001000001100100101000100100011001000000010000100001001000000
01010010000000000000000100000000001000000001000000001000010101001001100100000000110000011000001010010
01000000001100101110000010000000100001000100010010110010010000100000001011010000000001001000100001110
00001000000000000110101010010001011001000011100000000001000110000111010000000011000001110110000000000
01001010001011011101000010000000001000000010110000000001001001100011101100000011011000100000000001000
10001000110100001000101000100000000010000110100100000000000010000100000000000001001001000101001000001
00000000010000000100110000001010110001100000000000000010000010010111010001010000001000000000101110010
11000001000100000010001110000001001010100001000010010000000000010100001110010000100000000000010000000
01010010000101010000000011111000100010011001000000100000000100011101100010001000000100111101100000100
00010011100000000100000010110000100100000100000010000000001000001000000001010000000000000010000101010
00010011000010010000000101000110100000010000000010000000000010000100001000000100010000010011000010000
00010001000010000100000001101001100000011101000000101100010101000000001000000000000000100100000000010
01110100110000011000101000101000101000100100110000011000010000000110010001000010010000001011000000011
00000000001010000010100100101000000010010000000000001000000010010001010000001000011010001000000000000
00100010010011100000100101000010000000110110100000000000010001000000000001000001100001001001010100000
01010001001000101000110110000000110000001001110000000000000100000110100100000000000011011100000000011
00000000100000001000001001000000000000001000000010001100000100110001100000000010101010010000010100001
00000000000001000110100001000101100100101000000000100000101000100100100100101000110010000111000000000
00011000000000000000110000100010010010001001000010000101010000010101000110000010001000110000101001111
10000101000100000000110000001000100010101000000011010100001001000011000000010011000000101000010100000
00101100000111110000000000000100000100000000110000001000000000001000100100000001010100000000100100000
00001010010010100100000000100000100100000000000000101100001011011000101000010010000001000010000000000
00000000000001110010010110100001000100000000000010101010000000010100100000010100101001001010000011000
00000000110000001000000000010000100010110011001000010010111000010000010001000000010000000110110000011
00000000011100100100000000011010011001101000110000000110001001000000000000000000110010000100010001100
00110011000010010010000011001000010000010101000100010101101100100001000010001000110100000011101000000
10000000000000000000000000000000110000001010010000001000100000000001001101010000000101010010100000010
01010010101010000101000000100101011101000010101110000001000000001000000000000000100011100100000010000
00100111001000000000000011101000100000000000000100001011000001001000101000001010000000001000001001000
00010100101000010100110110100110001100000111000001000010100100011100001000100010101110001011000100110
11010001011000100010000000000000000000000000001000000000010100110000000001000000011001000010001010000
00100010000100000001000000010000000000110011101101010000110000000000100000000000000000101000000000000
00011000000100001000001101000000000000000010001000000011100101010100000000000010100000001100000010000
10001000001010000000001000010001000001100010010000010100001000000000100000000000000100000001110010000
01100010010000010111010101000100000000001000100110001001010100000000010101100010100011000000100001010
00000001010001100001010010000001100010001001010000010000100001000100011000000000110000100011010100100
00000010001100001000000101000110000010100100000011111100000001100110100001010100000000000001000000010
00110001010101100000011101000011111010101000000000000011000000101000000000000100001110100000000000011
10000001110000001000000101000001000000010100000100000100000010000000000000001000011000000000000000000
10101000000010010000000001011000001111000000011001000001000000110010000001110010001001000000100010011
00100010000101000100000110110010100000100100000000101000001000000000000001001100001100101010000001001
00001000011000010110000100100001000011000010011000101000110011001010010101100011000010100000100101000
00010000000001000011011001101100000010000001010001100000001001010000010000000001010100011010011101100
11111100000001101000100000001010010000011000110000010110000100110100000010000001000110000000000000000
10010100011110001100100100000100000010010011000001010000110100010000100000000010110101110100001000010
00111001001100010000000010000000100001100000101000001000000000100001000001010011000001001000011000001
01010010000001001100001100000000100000000001010010010111010000000010000101000100010010001000010000100
00000001001000010110001100000000100000000000000010100010000000100000010100000010010100000001001001010
10001101011000000010100010000101010110100010100000000000010000100101000010100000010000000010100000000
01000000000000000000010000000010010100000011100000000000001100100001010000010000000000010000000001001
10100001000000100110100000100010000100001110000010010111100110010101100100011101010000111000010000011
00001110000100000001000010100001110100010000001000100000000010000010100001100000110000000100010100000
01001110000001000001111000100100001101100001110000010010011000000000000010000001000110010110001100000
01011001000000001000000000000010001110000000010000110000000000000001000000000000011000000000010000100
00100010000001100000000010001000000000010000010000011000100010011000010000000000100001001011000000000
00010001000000011000110011100001111001010000000000000000000000001011000000000101000011010101000000000
00000000000000011001000000110000001100001000001110001000100000100110000000000001000000010000100000100
00100010010000011100000001100001010100010010000011000011100010000000000000000000110000010000000000010
10001000000100100000001000001100010000000000011001010011000100000000111001100010011101010011000100000
10000000100000100010000110110000011000000000100000001100000100010000000100000000000000000010000000010
00000111100100000000101001100001000100000000000110000100100000010101010000000100111100000110110010000
00001101011000000000000000100100000010000000001000010010010111000000100000110001000100010000001010100
