00000001001001100010110000100000000000100000000000100101000000100111001011100000001100011011000000101
00101100001100100000000000010010010000000010010101000100100000101100000000000000010010001000000010000
10000000000000001000000100001001000000010000010101100101000010001011000001001000000000101100000000000
01000000010001001000011000100000001001010000000000000000110100000010000000011010010001000001010100011
00100100010000100000100001010010001001010010000100000000000000100011001110001001010000010001010000000
10001110101000001001110010000100000100000000100011110000001000101000100000000001000000100001100100101
00110100100010000001110011000000011001001011111111000000100000000000100011000000000100000011010010010
00000000010001011000000000001011100101000001010000000001010011000001100000000000011010000110001010010
11100010000010000100010100001000101001000000000010001010000101110000000000000101000000000001001000001
10000000000000110000000000001100010100010000000000000000000000000000100100001001100000101100001110100
00001000110000101111010011000000101100110100001010000000000000100101001000000000000010010100000000000
10101001000000111001100100000010011000001010011000000000010001100000011000000100110001100100001100010
00000100100011011001000110000100000000000000100011000000000010100000011000000001000001101010110000000
10000001000011000100000010000000000000010110001000100100000000100100110000010110010010101000000000100
00010001010001100011000000001111111000000110001000000000001001000001010000001100110100011000000000110
10100000011100011011000000000000000000001000000000011110001010000000010001000000010100000000000111110
00100010000000000000000100110001100000000000000001000000001000000101010001000001100000110001000010100
00001110000000000000010100001010000010000000000000001010100000100100000000100000000110000000000000101
00101000010000000011100000010001010000010010001000000000000000101000000100000001000001000000010001100
00000010000000101100000010001010010100000000010010010001001000000010001110000000000000000011010001000
00010000010100000100000101100000001000000000000000001001000101101001000001000010100101000010011000010
01001001000000010001010000001010000011000101000100100011001010000000000010000000000000000010000000000
00000001101101100110000011100000000100101010011100110000000010011010000100010100000000000100000000101
00010001001100010100000101000011100000100101010010010000010000101000010000000000010000100000001001000
10000000011100110110000000000010011100000011100010010001000010100111010001100000000000000010101001100
01100010000000000000110011010011010100001001001010000000000111101000100000011000000010010000100000000
10100001000100000000000001000000000100010000001000100110000000001000000000010000000000000110011010000
00000100000101110000110001000000000000101010011000000000001111100000010000001011110001000010010001011
00000010000110010011010100000010010000000000100000000010001100110011000010000100000011000000001000000
00000000000000011000000000000000000010001000000000000000010001000000000010010000010001000000100000001
00000000100000001010010000010000010000000001010000001001010010010011000000000001000000100000000011000
11000000100010110000011011101000010100001000000001000101010001010000110100011000100000000110001100111
01000000000001000000000000001000001001000000000100010000000010000010000001000010010010000000011110100
10000001111010000100111000001000100010010000100000000110000000000000101010000001000100111000111101010
00001001000100000000110111011011111000000000110000010000000001001000000110100100000001001000011001110
00101000000000100101011111010100000000010000010000110011000100000100000100000000001000010000000000010
01100110011001000000000010001000000010110000000001000010000000010000000011000000110000000001100000010
01010000001001001000110100000100011000001000010000010101101010001100000000010011001101000000010101101
00000000100000101110000101000110100000110000010000000000010100010011110100000000000000101000011000100
11101010000001000100100000100000000100100100000000000000001000000000001000000010000010010001100000100
11000001001000000010101000110100010001011000001000000001011000010001001010110000000001100000010100010
10000000010000000000100001000000000000110001000000010000000000000000000000000000000001000000000000001
00000000010100000000000001001111011100000100000000000110000000000001000100001100000100000011110110010
01000000000000000001010000000001010110000100010100110010000010000100000000000100000000010011000001000
00010110110000010001000010000000011001101000010000100000000001110000000010010001000100100100111000010
10010000000000010000001001001100000010000100100001001001001000001001010001001100000010000000000000001
00001011100001010000001000000101000101000000110110000000110000011011011000001000000000010000000000000
10000010000000000110000010110000001100001111000010001101100000100000100010011010100001011000110000010
01000001010000001000010110100110000010000000001100000000000000001000101000001001000010010000001010101
01000100010000000000011000000001000000001000000010100000000100000111100101000001000100001110010000001
00000000010000001110000000110001010100110000000001010000110001010000000001100100000101100000000000000
00100010001000001100000000001000010000010000010000000000011000000010000001000100001011101100100001000
10001000000000000000000010100000010100000000101011000000000001000101000101000100010010101001000000011
00001000010001000000000010100000010000000100100000000100101100000000000000100000000000000000110110101
01000000010001001010001000010100101000000000100000000110001001110000010100100000101100000000011000000
00010000000000000000000000000000000010000001000011000000001000000000001001100000000000000000000001010
00101000010110000000000000100011001100010001011001100000100101110000000000110000010010010000111000000
00000010000100001100011000000001010000000000000000001001000000000010010000001000000000101000001010100
10000100101100000000110000110000100000001000111100001000000100000000000010101000000000000110001001000
00000000000010010000100000000100000000110010000100000010000001000110000000000000000000000010010011000
11000100100000000100000011001010000100000000000100010010000001001000100100110000111100000011001001001
00001000100000000110000010110100101000100001000010000000000000011100000001000001100001000110001000001
10100100000000000011000001000000000101000011101100011001101000000000000100100110010100010011000001001
00110010000000000101100000010000000010010010000000000000100000000000110111001001000111011010101100100
00010100000011100000101000110010000100010000100000000001001100010010100000000001000010000101000101001
01100001000000000000010000000100010000100000000010000100000000000000000000000000110101000000100000000
01000001100110010010000000011011100000100000000100001000000000000001001010010000010000001000000001011
01001000010001000010000111000100000010001000010000100000100000000010001000000001000000101001000011000
00000000011000000000000001000001000001010110000100001000100001000010001000110000010000000100000110001
00000011100011001000011010100001000001001100000001000100100010010000010001001000000110000001001000010
11010010000010010001110001111000000000000010010000010000000100000000000000000001000000000100000100110
00000000000000000000010001000100000000000101010000110000001000010000000110000100001000000010001100000
00001010010000001000001101100000100100101001101010010000011010010100100110100001100100000000001100100
10000000000000001001100000011000001001000000001100000010001001010100010000000010010000101000000000000
00001100001000101000000100000000001000000101100000010100000100000000010000100110000100000101100010000
00000000000000001010101110001010110110100101000100001100001110011111001010100001000111001010000001101
11110111011101101000000100000000000000000000010000000010010110000001011000000100000000001000001011100
10000000010000000100010000001000000011000101000010000000000010001000000000000000110100000000000001110
01000111000000010001000000100000010100001000010010010011000001000000000000000000100010100011100000000
10010100100101000001010100100000001000000111000000000001011001100100000100000111000000000000110100000
10000010001000010000001011000001000000100010000100000000110000101010001000000000010010010001010000001
10000110000010000000000001000000000100110001010000100000100100000100000100000001000100100010001100000
00001001100000101000010000011010000010001001011000001000001000000010010000000100001010010100100010000
01000010000000000000100010100000100100000000110000000000001000100000000000000010001000100100000000001
01010001100000100000001000010000100010000000010100000000010101110011000101000000010010000000100000000
00101100000001111111001001000100110000101001010000000001000010000010000100000011001001011000000100000
11110001000001000100010000000000000000010010011010100101001001000100000100000010000001000000000010100
00010000000001000000000000000100110011001000000100001000001001001000010000100100000010100010100010000
10000001001100010010111000100000000000000000000100010100000111011010000001000000110100000101000001000
01000000000000100000001010010000000000100100100010000000100000010101001001000001000010100010101010000
01000011000000000001100000000010100000010000100100101000010001001100100001101100001001000100000000000
01010001001010001100010000001000000000000100100000000010000000000100010000000010001100000100000100010
10100001000000010010100101000000000101100010000110000001000100001001101011001011101001010100000001100
00000010100101000100011010000011011000101000001001010010100000000010100010001010010000100000100100100
00100000010000000100000001100000101000001010010001000000010000110000110011000000001101010101010000000
00001100000001000001100000100001100000100000100000001110000110000001001001000000110010101000000001001
00000110100000010000000011001000010001000100000101000000000000100100000010000101010000000011001000110
01000000000010000000010000001000101010000000000111000010000001001000111101000100000000000101001001010
00000110100001000101000010000010000000000001100000000000100100001010100000000101011000000001011010110
00000001010011100000000000110100000011000000000001001010000000011101011111000001001100000100011010000
00000010000001000010000011000101001000101010010000111011000011000000001010000000000000000001001000000
