01101000000000000010000110010010011100001010001010001001010010011000110010000000110000100000101000010
00000000000000000001100001000010110000010010100100010010000000100001000000011010010001000001001100000
01010000000110001000000001000001000001000100010000000010100000100010000010001001010011010000100100000
00000001010001000000000000000000001100100100011000010001010010000010000000001000001000000010110000100
10000000011000000111000001000100001010000000100000001000111000000110000100000011000000000001000100000
00000010000001010000010100110100110010001000100000000010100100100000010001010000010000000001100010000
00000000010011000101000001000000010001001010001101000100001001001000100100001010000001000010010000110
00000000000100000001000000001100001001000101000101001101010100010010000000001001000000100100000000000
00010010000100000010100000000000111100010000100100000000000000000011000000010010110100100001000100000
01100001000000100101100001100101000011100010000111000001001000111001000000000000000000010000000001100
10001000000010100000000100010001110100000100010100000000000100000000000001001000000000000000001100100
00000000010000000000010001000000001001010001000000000000000001010000000000001100000100000000100000000
00100000000000010100000110000000110000000000010110000000001011010000010000000000010000011010001110000
00010101000000000000010101000010100001000010010000000000010010001100001010001011100111011000000001000
00000000010000010100101000101100000010000100001000110100000000110000000000100000110000011001001100000
00100010001000000000000000010001100010000000000010010011100000100101000000100000011000001000110000000
00110000000000001000000000100000100000010001001100000000000100011010100001101110001101000101010010010
01000001010000101000100000000000100100000100010100000100101000100000000000000010100010000001010111000
10000000110000101000111000000001010000101001000110000000001000001000000010000010100000000100001000000
10000000011000100101000000101000000000000010100000011000110010000010001010010111101000101000110000000
01101010000011010100010100100001100000000000100000100011001010001000100000101001001001100011010001001
10100000000010010000110111000000010010010100010000001001000000001000101001000100010010010100000000001
11000000100000001000001001010001010000000100000011011010100000010110001100000000001001000010010100000
10000000010000000100110100000100100000000010100000100011000001100001011010001010000001010000100000010
00001000111000000100000000000010001000000100000110100001010010000110001000011010000010001110000000100
00010110101000000000000000011010000100101001000000001100010000010110100100001110001000100000000000010
11110010000100000010000011000000001100101000000100000000010111011000100100000000010110001001100001000
10100000000000001100010110000000011000100000010000001000011010000000001010000000000011000010001000000
01000101100000010100110000010000100000101000010000100000010100100100100100100001000001001010001101100
01010100001100001000000010100001101010001001000000001101010001000000000100000000000111000010100000000
10000000000100010010011100010010100000000000000000000110001010000100001011000000111100001000000011001
10000101010000010010100110100100000000000000000010000000000010000010010000000010000010100111000001001
00000100000000001000000000000011001000000001001000010101010101000100000010100000001101000010011000010
00011001000000100100100001011010001001000001001000100000010001000000000010000000101000000000111001000
00100101101001101110000000100000000100010101010000110000110101000000001000010010000000100000000010000
00101000100001000011001100100000001001110000100010101000000000001000100000000101001010001100000001001
00100000000000010000010000001000000000000010010101110000100000010000100000000000010110000110000000000
00000100000000000000000010000000001000000000010100000001110010100000000010011100000000000000010101011
00010000001000000000000100001001100001000101000110001110000010010100001110011100010000000000010001010
01100100100000000101000010100001100000000101001111000100010101000110000000000001010000000000011011010
00010010010101000000000001011000000001011011000010000000010000001100000001011000010000000101000000000
00100001010000110000100100110010000001000000001111000100001011100000001110011000000100100010000010000
00000100011010011101000010000011000001011000111000100000100000000010001010100011010110001110100001101
01000000000000110010000000000101100000000111010100000010100000110000001010000001010000001010010000101
00000101000001100000100000010100010001000010100000011000001110010110000010000000100100011000000110000
00000000101000100000010000000000100011001010000000000001100000001000001000011001010100000010010011001
00000010010011000011111000110000000000100101001000010100100001000011001001100000010100110000100000000
10000101101010100000000011100100000000000000000000000001000000010010010100101000100000001000100100000
00010011000011110000010111000000000000000000000000000010010000011011000001000011000001010000001000000
00110100000010110000000000001101000011000100110000000100111000000000000100001000000000000000000101010
00000000000000000000100001110001001011100000100010100110011010000100000100100100000000001100111001111
00100001011010010000000001000100000000101000000000000100101001000000011011001100010011100011110000001
00011000010100100000000001010100101000110100101001000010001000001000010010000000101010110000000001100
00100110100011000000100001010100001001001100011001000001010010000000000110000000100010000000001000000
00010001010100000110000010001000110001000000000000001010110010000010010101100100000000000100001010101
01000010000000000010100000001101000110101000000001000100001000001000000011000001001010000001000000110
11000000000010100000000010100001000001100011001000000000001001010100000000000000010110000101000000101
00010100100000000001001000011001101000000000101001010001000000000000000000111001101000001010000000100
00101000100000000000000001010011100000011000000001000000000011010010100110011011000000001010000100100
10000001000000000001010100010000000100000000011010110001010001010000110110001001001001100010110010001
00000000010000100000000100010100011001101001101001010000000000000000001000010011001001000011010000101
11010010000000110100000000100001000010010000000100000101000000001000001001000001001010000010000000010
00100011000000001100110000000100001000100000000100100101000110001100000010000101001010001000110000001
10001000000001010001000100000001001000000100000001101000100010000000100001000000000000010001110111001
00111000000001000101000110000000000010111100001100000000100000100000000010000001010000000100000111100
10010000011000000000001001000001000101101100010000110000000000001001110010000001010000010000000010001
00000010100000000000010101010001000100000110001000000010000010000000010000001000001010000001011000010
00101000000000000111010000000000101010110000011000000100100110000000110000100000000000100000000001101
10000110001010010100000011101010000000001000000000110000100011000001000100000101001001001001000100100
10001000001000001000100000001000000001101000010000000010000001000000000000010000001100000000010010110
01000101000010001000010011000100000000100000001101100000010101000000100110000100000000000000110001000
00000110001100000101010000000010010100010000110001110010010010110010010100101000101000011000110000000
00100100010001000100010000000101001010000110000010100010000010001010001100010000100000000011000000000
01010011000100010010000001000000000000001010010011000100000100010001000001000000101000000100100000010
01000001100000100101100000110010000001000001000000110100100100010010000010011000001000000000001100000
00100100000001010001001001000010100101011100100001000100110100110000100100100000000001100011000000110
10000000010001000000000010000000010001011101010010101101011100000000000011000101000010100000000000010
10000100000000110001000000010000000010000110000000000010100110100000000001000000110100001000000000000
00100000000100010100000000100110001001110101100100000000000010100000000010100010010100000000000100000
00000010000000010010000000010000000001000010101011000010100011001110011000000000100000100000100001010
00011100000010100000000100100101000000010000010000000010000010000111000000000001010001000000001011010
00000000100000001101100000101101000000000000001001010010100000100100010010000001000110000000000100001
00000000100000000011000000100000001100000000000010000000000001101000100000000000000010000001110011001
10000010000000100000000100010000100111000000000000100100000010000000100000000000000011010000011010001
00101000001110000000110110001000010000010100001100000001000100000100011000100000000000000001001000100
11100000000001000010100100000100110100100010100010001000000000000000000100100011010001000101000000111
00001110000000001100000000011000011001000010000000010000101100000100001001001010001100000010100000110
10000010110010000000100010010111000000000000011001010000000000100011000000000001001000000000001000000
00000010001101000010010010001100100000000000000100010110000001010011001000000010011000000011001000010
00000001000100001100000000011100100000001001010000110101000100000010110010000010011010100010001000011
00000000100000000100001101011000010010000000100001000010100000000011110010000100010010110100010010100
00000000000001100010000000100001010001001001101110000001000100000000010000000010000100000000000000010
00110000000000110100001011000010100000000000010000000000100010000000001000001010000100001100000011101
01111101011010100010000010000100101000000000010001001001000000000001100010110000000000001000001001100
10100000000000000000001000000000000000111001000100000001110010000010000000010110100000010100000010000
01010011000000000100000000011000011100000001000000010001000001001000000010001010101000001000101111000
01000100000000010000000000110000000000110001100000000000000010001100001000010100000000000000100100000
00000000000001010100100000000100011100000001010000000111010101010110001000010100000000010101011000010
00001001010011000010000000100000000000000100100001000000001100100010001000000110110100000000101000000
10010001001100000000100000100100001100000000110000100000000010000000000001000000001001000000001010001
00010111000010000000011000000000001010011011010000000110000001000001000000000000000100000000111100100
