00000000100001000000000000000000000100000110000100000000010000000000000010000000000000000011100100000
01000000000000000000000100000000000000000011000000000000000000000000000100000011000000000000000010000
00000000001010000000000000000001000000011000000000000000000000000000000000001000111100000000000001000
00000000000000000000000000000001000000000100010101000000000000000010010000000000010000000000000000100
01000000000100000000001010000000000000000000001000010000000000000001010010000000000000010000100000000
00000000000001000000000000000010000000000000000010000000000000000010000000000000000000000010000000000
00100000000000000000000000000000000000000001000000100000000010010000000100001000000000000000010000000
00001000000000000000000000000000000000000000000000000000000010000000010000000000000000000000000100000
00000000000001100000000000000000000000010000001000000000000000000010000000010001000000011000000000000
00000010000000000000000000000001000000000000000000000000000000000001100000010001000000010000100000000
00100000000001000000000100000000000000100001000000001011000000000000001000000000010000000100100000000
00010000000000000000000000000000010000000000000000000000000000011010000000000000000000001000000000000
01000000000000010001100000000000100100000000000000000000101000000000000000000000000000100000000000000
00000000000000000000010000001100000000001000000000000000000001000000000000000100000000000001000010000
01000010010000000000000010000000000000100000011000100000000000110000000000000000000000000000000000000
00000010000000000000000000000000000001000000011000100000010100000100000000000000000000000100000100000
00000100000000000110000100001000000110000000101001000000000000000000000000000000110100100000000000010
00000000010000100000001000000001000000000000000000010000010000000000010000100000000000001000000000000
00000001000000000000000000001000010000000000001000100010000000000100001001000000000000010000000000000
10000000000000000000000000000000001010000000000000000100000000000000100000000000000000000000000000000
00001000001000000100100000100001000000000000000000000000000000000001001000000000000000000000000000000
01001000001000000010000010000000000000000000000000000001100100000001000010000010000000000000000000000
00001000000010000000000000000000010000100001000000000001000000000100000001001000000010100000000001000
00000000000000000000000000000000000010000000000000000000000010000000000010000010010010000001000000100
00010000000000000100010100000000000000001010000000001010000001000000000000000000000000000000110000000
00000000100000000000000000000110000000000000000001000000010000000100000000000000100000000010000000010
10000000000000000000000000000000000000001000000001000001000000000000000000000000000000000000000000000
00001000000000000001000000000000100000000010000100000001010000011000100000000000000000000000000010000
00000001000000000000000000000010000000001000100000000000000100010000100001000100000000000000000001000
00000000000010000010001010000000000000000100000010000000000000000000000000000000000110000000000000000
00100010000111000000000100000000001000000001000000000000000000000010001000010000010000100000001001000
01000001001000100000001000000001100010110000100000000000000000000000000000000001010000000000001000010
00000000010000000000000100000001000000000000000000000010000000000000010010100010000001000000000001000
00000000100001001000000010000000000000100000010001000000000010000000000000010010000000000000000000000
00000010000000000000000001000001110000000010010000000000000000000000000010000000010000000000000000000
00000000100000000010000010000010010001000000001000000000000000001001000001000000000000010000001010000
00000000000000000000000000000000000000000000000000000000010000100000000100000100000000000000000000000
00000000000000000001000000010000000000000100001000000000000000000000001000000000000101000111000000000
00010000000000000000000000000000000000000000000000000000000000000000100000000000011000000000000000000
00000001000000000000000000000000000000000000100100000000000000000000000000000000000000100000000000000
00000000100000001000001000000010000000000000000000000000011000100000000010000000000010000000000000000
00000000000100000001010100000000000111000100000100000000000000000000000000000000000000000000000000000
00000000000000000100000000000100000100000000000000000000000000000000000000000000000010000100001010010
00010000000000000000000010100000000100100000011000001000000010000000000000000000101100010000101111000
00101000000000000000000000000000000000000000000000010000100000000100100000100010000000000000000010100
00000000001010000000010000001000000000000000000000000100001001000000000000000000000001000000000000000
00100000000000000000001000000000000010000000100000000000100000110000001000000000100000000100010001000
00000000100010010000100000001000000000000000000000000000000010000000010100001000000001000000000000000
00000100000011000000000000000000000000010100001100000001000010000100000000000000100100011100000000000
00100000000001000000000001000000000000000000000001000000000000000000000000000000000011000000000000000
01000000000000000000000000000000000000100000010000000000000000000000000000000000000000100000000000000
00010000000100000000000000110000100001000000000000000000000000000000000000000010000000000000001000000
00000000000000000000100000000000100010000000000010100010000000010000000000000001000100000000000000000
00000100000000000000100000010001000001000100001100000001000000000010010000000100001100100000011000100
01000001000010000000000000000000000000000000000000000010100000000010000000001000000000000001000000000
00000010000100000000000000000000001000000000000000000000100010000000001000100100000000000000001000000
00000000010000001000000000000000000000000001000000000000000000000100000000000000000000000000100000010
00100000000000000010010000000010000000000000001000000010000000001000101000000000000000000000000000000
00000000000000000000100000000000100110000001000000000001000000000000000000000000000000001000001000000
00010001100000001101000100000000000000100001000010000001000100000000010000010000100010000000001100000
01000000000000010000000000000000000000100100000000100000000000000000000000000000001000000000000000000
10000000000000000000000000110000010000000010000001000010000000000000001000010000000000000000000100000
00000100000010000000000000100010010010000000000000010000000000000000000000000000001000000000000000010
00000000001100000000000000000000000000000000001000000000010000000000000000000000000100000000000000000
01000010100000000000000000000010000000100010000000000000001000000000000000000000000010000100000000100
00000000101010000000100110000000000000000001010000000010001000000000001000100001000000100000000000000
00000000000110000000000010111000000000000010010100000000000000100000000000000010000000000100000000010
00000010000100000000001000000000000000100000001000000000001000000000001000000000000000000000010000000
00000000000000000000000000001000000100000001100000000000000000000000000000000000001000000000000010000
00000000000000000100000000010010000100000000001000000000000001000010000000100010000000001000000100000
00011011000000010000100000000000000000000100000000001100000000000010000000000000100100000000000000000
00000000000011010000000000001010000000000010000000000010000000001000001000000000000101010000000100000
00000000010000000000000000000000100000100100001010100000000000000000000100000001000000000000000001000
00010000000000000000000100000000000100000100001010001000000000000000000100000000000000010000100000000
01010000000000000000001000000000000000000000000000000000000000000000000000000000000000000000000000000
00000000000000001000000000000001001001000001000000000001000000000000100000100000100000000000000000000
00000000000000000000000000000000000000000100001000000000000000000000000000000000101000000000001010000
00000001010000000000000001000000000000000000000000000001000001000000000000000000000000001000001000000
00000000001000000000000000000000000001000000000000000100100100100100000000000000000000000000100000000
00000000000000000100010000000000000000000100000010000000000000000000000010001000001000000000000000100
01100000000000000100000001000000000000000000000000001000000000000000000000010000000100000001000000000
00000001000000100000000000000000101000000000100000000000001000000000000000000001010000000000100000000
00000000100000100000000000010001000000000000000000000000000000000000000000000000000110000000010000000
00000000001000000001000000000000000100000000000000000100000000000011000000010000000010000000000000010
00000000000000010000000000000000000000000100000000000000000000000000000000000000000010000000010000000
00000000100000101010000000000000000010000000000000000000000000000000100001000010000100010111000000000
00001000000100000000000000010000000000000010000000000000000000000010010010000000000000000100000000010
00000100000000010100000000100000000000000000000000000000000001010001000000000000000101000000000000000
00001000000000000000000100000000000000000000100000000000000001010000000000010000000000000000000000100
01000000000000000000000010000000000000001000000000000001010001000000000000000010000000100000000000000
00000000000000010000010000000000000000000000000000000000000000000000000000000000001000000001000010100
00001001000000000000000010100000000000000010000000010000000000000010000100000000000000000000001000000
10000010010000000000000000000000000000000000000000000000000001000000001000000000000000000000000001000
00100000000000000000000011000000000000000000000100000000000001010000000000000001000000000001000011000
00000000000001000000000000000001000000010000010000000000000010000000000001101001000001000000000100100
00000000000100000000000000000000000000000000001000000000001000000000100000010000000000000000000000010
00000010000010000000000000000000000100000010100000000000100000100000000000010000000000000000000001000
00010000000010000000000000000000000000000000000000100000001010000000000000000000000000000000000000000
00010000000100000001000001000000100000001000011000010100000000010000000100100101000000000110000000010
00000000000000010100000100000000000110000001000000000000010000000100000000000011000010010000000000000
00000000000000000000000000000000000000000000000000000000000000000000000000000000000000000000000000000
