01100111000000100001010010000010101000000010101010110100000100000010000000000000000000101000000000110
01010000001010000010100000000000001011000000000000010010000000010001001011010101001100010111100100000
00000000100000000000000011100000000101000010001000001000000001000000000001110000011000001001000000100
10000001000010100100000000000000100101001000100000011001000100010100010111000001000011001000001000000
10000010100000001010000000011001010001000101000001010000001000000001000000000100000100110000000000000
00000011000011000001010000110000110000100000001000000001000000000000100100000000000011000000000100011
00000000000010000010010101000011100010000000010001100000010000010011000100100000010100000001000100000
11000001000001000010011011000010000000000000010001100100000000011100100010011000001001100000001000000
00000100000010011000010100000001000000010000001100100100000101000000000001010000000000000111010000000
01000001000011001100010010100011101001011000000111000010100000000000000100000000000000001111000110101
00100000000001100110001000000100100000011000000011001010000100010001001000000000010000000001000000101
00011000010110101000000000010011101110000000100000000000000000000000000000010101010100000000100011001
00000001100001100000000011100010000000000101000000001011000000001010000000101000000000001100011000010
10100000000100010010000001010000101000000000000000100000100001100001001100010000000000111001001000000
01101000000110100100010100001010100100000000000000000101101100000010000000010000010101100001010000011
00000000100000100111011010100001000000100000011001000000000000001010000010001010000100000001010000111
10000101001000010001010100100000000010000000100000011100001001000100101010100100001000010001000001100
00000000000000001100000100010000100100101001000000000100010001000000001000000100000000000001000000001
00100101010010000000001010000000000001010000100000010000000000000010000001000000000000010000100001010
00100010000000001000000000100110001101000111100100000100100000000011110010000100000000101100100000000
00000011000000110000000000000000000001000001100100000100001000010101101101011000000000000010000100011
00010011100010100100101000100100000011001101000000001100001101000001000000000100000000010100000010000
01000000101100100000000011010000000001000000000000000001000100000100000100100000010000000000000000000
00010001010000000001010010000000001001101001000110100000100010101010010000000010000000000010001000100
00000000001011000001000000000100000000000000000011110000011001100000001000000011001000010110000101011
10000000100100000000000010000000000001010001001000011101000100000000100001101001000000000100100000000
00000000000000010000100101100110110111101001000001000110001100001001100000000001000110010001000000100
01000000000100001000100000010100000000000100011010000000011000001000100110000000111100000000110000001
00100001000000001100000000110000110110000010101000000000000001000100110000000000100000000000000000010
00010001000001110000000100010000111000001000100000000100100001100001000000110000000000000000100010100
00000011000000000000000010010000000101000000101011000001000000000000010011000111100000010000101111100
00101000000010110000010101000110000111000001100000000000010001010000100101100101100000110000001010001
00000100101000010000000100101000000101011000111000010000100010000000000010110010101000101110010100000
11110000101010101000010000001000100000000100010010000001001000100000000000000000000000000001000000000
00010000000100000010001000011000100101100110100000100000000000000010010000001000000001000000010000000
00100001010010010000011000100000000000011000010100100000010001000000001000000000000010100001000000000
01000000000001000000000010001001001010100110000101001000001010100000011010000001000000000111001000101
01011000100010000001010000100010100100010000100001010010010001000100000100000010010000000100010000101
00000000001010000110000010010101000100101010010001000001011000000000000000100000100100001001101100001
00010000000100100000000000100000000110000000000000100010000010100011100000101000000110010000011010010
01101000011010000110101000110000100000001100100001101000000000000000010000001000100000000000100100000
11101000100000100000001000000000100100000100001000011001000000000000000000000010100100000100001000100
00100010000100100000001001000000100100000001100100011000000000010100010010001110000100101000100000010
00100000010110010000100001100000111010001010100100001001000100000000000000110001000000000010000101100
11111000111011001000000010011000000000100000001001000000000100011101000000100010010010000000000010100
00000010000100000110101100000010000000000000000000000001000000000000110010001101000001001101000000000
01100001000100010101011001011000010000101000000001000000000000101000000010101100000001000001010000100
00000000010000001001001110010000001000010000001000000010100000111100010000000010001000000111000100000
01000100000100000000000010011010010100000000100100000000010000100001001001100000100001001000000110110
00001000000010001001000100001001100000010000010000000000100001000001000000101000010000101001001000000
01001010010100011100000000000000101000000000000001000000100010110100001000010000000000000000000110100
01001000110101100100100000100000010010000001100000000110100000001000100100010001000000011010000000000
10110010010000011110100100000100000011101000001000000110000010000000000010000000101101100001000000000
00001000011001010001100001001100011000001000000110010011000000101000000000001010010000100100000000000
00010101001000111110010000000001101010000110000001000100110000100100000101101001000100000000001000100
01001000001001100000001010110000010001000000001000010001000110011010000010100000000010101000010010110
11010101001001000000010000000000001010101100001001100000010010000010001100000010110000100000000110110
10000100000100000111000110000000001001000100010011001000101000010000100010000100100000010001010111110
10000100000001100100001000000011000000010001100010011000110000011101100010110000111010001000010000001
10110000000000000000000000010000001000000000001010000101111010100110010000001100110010000001100100000
00000000000010010001000000010000100000100000001000000001100000001000010110100010000001000000000000010
10100000010100100000111001100000000100000000100000000000011000011011010000100000001100011000000000100
00000000001000001000001100001000100110010110010010010100100010010010010000001000100100000010000100000
10011010000001001000010100000010001000010000000101001000000000100010001000011100010000111000000000100
00101000100001000000100000000000010010000110100000000001010000101010000001000010000010010101000000010
00000010101000000001000101110001000000001000000100011000000110010010000100100001001110010000010001100
00011100000001110000000001011001000000010000001010000010000000000000000011000010000011000001000001001
10110101000000000000000010000000010010100000001000000000000001001000000010110001000000000000000000011
00000101101100010011100001000000110000010000000100100001010000011000000000010000110001000001001001100
00000000011001100010001000110000000100100011110000000000100000001000000001100100010001000010000011000
10001001010110001100010100110010110100110000001000000000110110001000011000000110000000001000000100000
00000101001011100100000010110000000000000011001010000100000101000111100010001011001000001101100000100
00100000010000000011001000010111000000100000000100110100000100001101100100100000000111001001100001010
10000000010000000010010001000000001100000000001000000001000000100110000010000000000100010000000001000
01000001100011100010100001000100100000000100100000001101100000010001000000110000100001000111010000010
00000000100111110110001101000010000000010000010000100000110001010110000011010111000000010100000000010
00010010011000001011011000101000100010000000100101010110111110000001010000000001100100000001101011000
00010000000000010100000001000000101100000100101000000010010001000001100010000001010001110000000000000
01000000000010000000010000000000100000000011000000000000100001001001101100100000000010101011000000010
00011000010000010000000000100111001100100010001001000110010100010001000111010000000000110000000000100
01000000100000000000100001101010101001111100000001110101000000010001000001000001001000100100100010101
10000100001000100000000110101010000100110000001000000000000000000000000010001100010000000010110000110
00000110000110000000011001001001001000000100000010000000000010000000100000001100010000000111100010010
10001001100001010110010000000011100010000000101001000000110000000100100011010011010101000001000010000
00000010000110000011000010000100001000010000010000000001000011000000001000101001000000101010001000110
00010100000110100000101001000000001100000001000100000110000010010001000110001110101101010010100010101
00000000000101001000000100000001101000000100000000000000000011100010000000010110101101100000000100000
00000010010110000000010000010000001010001000000000100010000000111000000000100010000000000000101000100
01000001000001100000100001000001001000001000100000001010100010101001000010000000100011100001000000000
00010010000110001001101001010001000001000000110001010100000100001000010100000000000001000010110100000
01010100000100000000110000000001010100000010000000001100110000011110001100000000110000100001010011000
00011111010000100010000000011000111100000000001000110010110100110010000001001000000100000010111000000
00100001000001001000100000010010000100000000111000100101010100000110010000001010000000010001001010010
11000010010000010111000100110000000010000010001101000101000000000000001100100010000000000001100111000
00101000010000010000001001001100000101010000000010000010000010010000010001010000101111010110000010100
00000011000000011000000000001100100111010000000010001000000000001001010000010001000000000000100000010
00010010101100000001000000010000010000000010000001111010001000000000001001110000000001000100110000000
00001000000110010011000000001010001000001000000000000000010101001101000000010000100101000000000000101
01001000000000001000001010000010101100101010000100100000110001000000000110011000000010000000000000100
10011001100001000100000000001000010001110000000100010100001000010100001100000001000000000010010000100
01100000001010000101000000001010000100001000000000001010110000000001000010110000100010000000001100010
