00000100000000000000000000100010000001010000000010000000000000001000000000000000000000000001000000100
00100000000110000010000001000010000000000000100010001000000000100000000000000000000100001100000000000
00000000000000000000000000000000010000000000001000000000000010100000100000000010000000000000000000000
00000000000000000010000100000000000000000000001000000000010000000100000000000000000100000000000000000
00000010000000000000000000010000000000000100000010100000000000000000000000000000000000000000000000000
00000000000100000001000000000000001000000000001000000000100000000000000000000000010000000000000000000
00000100000000011000000000000000000100000000011000000000000000010001000000001000000100000000000000000
00000000000000000000100000001000000000001000010010000000000000000000001000001000000000000010000000010
00011001000000001000000000000000100000000000000000000000000001000000000000010000000000000000100000100
00010000000000000000000000000000000001010001000000000000000000000001000000010000000000000000000000000
00001010000000000010000000000001000000001000001000000000010000000000001000000000000010000000000010000
10000010000000010000000000000000000000101000010000000001010100000000001000000010000000110001000010000
00000101000000000100100000000110010000000000000010100000000010000000000000000000000000010000000000000
00010000000101010000010001000000000010000000010000000000000100000000100000001000011110000100000000000
00000000000100000000000000001011000000000000000000000010000000000010000100000000000000000000000001000
00000000010000000000001001000100000000010000000000000000000000000000000000000100000100000000001000000
00000000000000000000000001100000000000000000100000010000000000000000101000001000000000001000000000000
00000100001000000000100000000010000000000000000000100000100100000000000001000100000000000000000000000
00000000100000000000000000000000100000000001000000000100001000000000000000000000010000000100000000000
00000000000011000000000001001000000010000000110000000000000000000000000100001000100000000000000000000
00100000000000011001000000010000000010001000000000000001000000000000000000100000000000000000001000000
00000000000000001100000000000000000010000000000000000000000000000000000000000000000000000000010000000
00000000010000000000001000001000000000001000011000010010000010010000000000000000000010000100000000000
00000010100100000000010000000000000000000010000000000000000100010000010000001000000000000100011000000
00000010000000001000000000000000000000000000100010000110001000011000000010000000000001000000000001010
01000000000010000000000000001010000000000100000000100000010100000000000001010000000000010000000000000
00000110100000000000000000000100000000000000000000100001001000000000000001000000001000000000000001000
00000000000001000000000010000100000000000000001000010000101000000000000001000000000010000000000000000
00100000000000010000000000100000000000001000000100000000000000100000010000000000010000000000000000000
00001000000000000000000000000001000000001000000000000000010000000000010000000000000000000000001000000
00001000000000000001000010000100000000000000000000000010010000000000000100000001000000000000000100000
01000000001000100000111000000000000000000000000000000000000000000100000100000000000000000000100000000
00000000001000000000000000000001001010000000000000000000000010000000001000000000000000000100000000000
00000110000000000000000001101001000000001000000000000000111000000000000000001000000000000000010000000
00000010000000000011000010000000100000010000001001000000000000000100000000000000000000000100010000000
00000000000000000000000000000000100000000001000000000000101000000000000000001000000000100000000000000
10011000000010000010000001000000000000000100010000100000000000001001100000100000000000001010010001000
00000000000000000000000000000000001000000000001000000001000100100000000000001000000100000000000100000
00000000000100000000000000000001101000000000010010000000000010000010000010000000000000100000100000000
00000000100000100000000100000000000000000000000000000000000000100100000001001000000000000010010000000
00000000000010101001000000000000001000100000010101000000000100000000001000011000000000000010000000000
00000100000100000000000000001000100000000000000000000000100000000000000000000000000010100001000000000
00000000000000010000000001000001000110001000000000000100000000000000001000000000000000000000001000000
00100010010000000000100000000000000000000000000100010000000000101000100000000010000000001000000000010
00000100100010000000010000000000000000000000000000000000000001000100000000000001101000001000001010000
00000001000100000010000001000000000000000000001000000000001000000000000000000000000000000000000100000
00000010000000000000000000000100001000000000000000000000000000000000000000000000000000010000000000000
00001001000000001010000000000100000000000000000000000000000000000000000100000000000000000000000000000
00000000000000000000000000100000000000100010000000000010100000110001000100010100000000000000000000000
01001001000000000000100000000000110000000000100000000100000000000010000000000000000000000000000000000
00000001000000000001000000000000000010000001000000000000100000000001000001000001000000000000000000000
00000110000000000000000000010000001000001000000000000000000000000000010000000010000000000000000100000
10000000000000000000000000010000000000000100000000000000000000000000000000010000101000000000000000000
00000000000000100000001000000001000000000000000000000100000010000010000000000000000000000000000001000
00000000000010000000000000000000000000000000001000000000000001001010000000000000000000000000010000000
00000000000000000000000010001000000100000000000000000000000000000000000000000001000000100000000000100
00000000000000001001000000000100000000000000000000010000000000000000001101000000010000000000010010000
00010000000000000000000000000000000000000000000000000000000000000000000000000000000000000000000010100
00000000100010000110000010000000000000000000000000000000010000010000000000000000010000010011010010000
00001000000000000000000000000000000000000000010000000010000000000100000011001001000000000000000000000
00000000000000100000000000000100000011001000000010100000000100100000010100000000000000100000100000000
00000000000100010000000000000000000000000001000000001000000100100010000000000000000010001000000010000
00000000000000000000000000000000000010000000000000001001000001000000000000000000000010000000001000000
00010000000000000000000000000000000000000000000010000101000000000010000000100000000000000000000000000
00000000000000000000000100000000000000000000000010000000000001000000000100000000100000000000000000000
00000000000001000000010000010000000000001000100000010001000000000000000000000000000000011000010000010
01000000000100000000000000110000000000000000010000010000000000000000010000010100000000000000100010000
00000000000000000100000000000000000000000000000000001000000000010000000000100000000000001000000000110
01000000000000000000000000010100000000000110100101001000000000000000000000000001100000100000000000000
00000000000000000000000000000000101000001010000000000000000000000000000000110000000000000000000001000
00000000000001100001001000001100000000000000000000000000100000001000001100100000000000000100010000000
00000000000000000000000000000000000000000100000100000000000000000000100000100001001000000000000000000
00000000000000000000000000000000000000000000000000000000000000000000000000000000000000000000000100010
00001000001000000000000100000100000000000000100000010000000000000010000100000001000000010000100000000
00000000000000000000010000000000100010010000000000010000000000000000001000000000000010010000000000010
00000000000011000000000000100000000000000000010000000000010101000000000000000000000010000000000000000
10000000000001000000000000000100000000000000010000000000000100000100000000000100000000000000100000000
00000100000100000001000000001001010001100001000000011001000000000000000000000100001000000000001000100
00000100000000000000100000000000000000001010000000000000000000100000000000000100000000000010000000000
00000000001001000000000001000000000000100000001000000000000000001100101000000001010000000000000000000
00101000000000000000000000000100000000000000001000000000010001000000000000000001000000000000000000000
00011000000000000000000000000000101000010001010000000000000000000011000001010100000000100000001000000
00010000000000000000100000000000000000010000000000010000001000000000100100000000000011000011010010000
00000000000000000000000000001000010100000010000000010000000000010000000000000000000001000000000000100
00101010000000100000000000000011001000000000000000000000000000000000000000000001000000000100000000000
00000000000000000000010000001001001000000000000000001101000001000100000001000000010000000000010000000
00000000000000000000000000010000000000000000100000010000001000010000000000000010000010100000000000000
00000000100000000010000000000000000000000100000001000000000010000000000000001001000010000000000000000
00000000000000000000000000000000000000000000000000000000000000001010000100000000010000010100000000000
01010000000000000100000000000000010000000100000000000000000000000000000000000000100000001000010001010
00010000000000000000001000001000000000100000101000000000000000000000001000000000000001000100000000000
00000000010000000000000101000000001000100000000000000000000001000000000010010000010000000001000000000
00000001000000000000010000000010000000000000000000000000000000000000000001010000100000000000100000000
00000000000001000001000000100100000000000000000000000100000000010000000000000000000000000000010000010
00000000000001100000000001000000000000000000000000101010000000000011001100001001000100000001000000010
00000001000000000001000100000000000000000000000001100000000100000000010000010000100000000000000000000
00000101000000000001000001000000100000000000000001000000000000010001001000000100000000001000000000000
00000000000000100001000100000000000000000000000000000000000000000010001000011000000000000000000000000
00000000000000001000010000000000000000100000000000000011000000000000000001000000000000000000000000000
00000000000000010000000100000000000001000000110000000100100000000000000101101000000000000000010000010
00000000000000000000000000000000000000000000000000000000000000000000000000000000000000000000000000000
