00000000000110000000000010000000100000010000000000000000010000000000000000000000011000100000011000000
00000000100000010000000000000000000000000000000000000000010010000000000000001010000000100000000000001
00000000100100000000000000000101000000010000000000000000000000100000000100010001000000101000000000000
00000000000000101000000000000000000000001001000000000000000000000100000000000000000000000000010000100
01100000000000000000000000000000000000000000000000100000100001000000000000000000000000000000100000000
00000001010000000000011000000000000000001000100000000100000000000100000000000000000000000000000000000
00001000100000000000000010100000000000000000000000000001000000000000000000101011000000000001001000000
00010000000000000011000000000000000010010100010100000000000000100000000000100000001100000000000000000
00000000000110000000010000000000000000000000000000000000100000000000000000000000001000000000000110000
00000001000000000010000000000000010010000000000000000000010000000000000000000000000000000001000000001
00000000000000000001000000000000000000000000001000000100000001000000010000000010000000000000010000000
00010000001000000010000000000000010100100000000000000000000000000000000000010000000000000000010000000
00000000000000100000000000000000000100000000000000000000000000001000000000100001000000000100000000001
00100000000000000000000010000010000000100100001000000000000000001001000010010000000000000000000010010
00000000000100000000000000000000000000001000000100000000000000100000010000100001000000000100000000000
00000000000000010000000000100001000000000000000101000000000000000001010000000000000000000000000000000
00000000000000010000000000000000000000000000000001000000000000000100000000000110001000000000000000000
00000011000001000000000000000000000100000000010000000000110000011000000010000000000011000000100000000
00000100001000000100000000000000000000100000000000000000000100000000000000000010000000000000000000000
01000000000001000000000000000000000000000000000000000000000000000000000000010001000010000000001000000
00000001000000000010000000000000010000001000000000100000001100001000000100000000000100000000000010000
00000101000100001000000000000000000000000010010000000101000000000000000010000000000000000000010000001
00010000000000000000000000000000000100000000000000000000000001000000000000001000100000001000100000000
00000000001000000000010000101000001000000001100000000000010000000000000000000000000000000000000000001
00100000000100000001100000010001010000000000000011100000000001000000100000000000000000000000000001100
01010000000000000110000000000000000000000000000000000000000000000000011000000000000000001100001000000
00000100000000000000101001000000001000001001000000000000000000001000100000000000000110000000000010010
00000000000000000000010001000110000111000000100000000010000000000000000100000000000000000000000000000
00000000000000000000000000000000000000000000000100000101100100000001100000000000000000000000000010010
00001000001000000000000000000010000000000000000001000000000000000000000000000001000000000000000000000
10100000000000000001000000000000000000011000000010000000000000010000000000000000000000000000000000001
00001000000000000001000000000000000000000000000000000001000000000000100001000100000000000000000010000
00100000000000000000001000000000000000000000001000000001001000000010000100000000000000000000000001000
00000000000110101000000000001000000000001000000100000110100000000000000001000000000001000001000000010
00100000001000000000000000001000001000010001000000000000000000000010000001000000000000100000000000000
10000100000000000000000001000001000000001000000000000000000000000000000000000001000000000000000000000
00000000000100000000000000000010010000001100000000100001000000010000000000100100000000000100000010000
00000001000000000000000000001000000010100100000000100000000000000000100001000000100000000000000000000
00000000000000000000000000100000000000010000000000000000000000000000001000000001010000010000100000010
00000010000000100000000001000000000010000000000000000000000010000000000000000000000000000000000000000
00000000000000000000000000010000000010000000000000001000000000100000000000000000000000000001010000000
00000000001001001000000000000100000000000000001000000000000000000000000000000010000001101000100000001
00000000000000000010000000000000000000010000010000000000000000101000001000000000010000000001000010000
00000010000000000001100000100001000010010000000000000000000000000000000000000001000000000000011000010
00011000000010000000000001001110000000000000000000000100010001000000000000000110000001000000000010000
00000000000000001000000000000000000000000100100000000000000000000000000000000000000000000001100000000
00000010000000010000000000000101000000000000000000000000000000000000000000000000000000000000000000010
00000000000000000000000001000000000100010001010000000101000010000000000000001000000000000000000000001
00001000000000000000100000000000000000000000000000010000000000000000000001000000000000000000100001001
00000010000000010000100000000000000001011000000000000000000100010001000000000000001000000000000000000
00000000000100000000001000000000001010000001000001000001000000000000000000000000000000000000000010000
10000000000010000000010000001000000000000100000000010000000000010100000100000100000000000000010000100
00000000000000000100000000000000000000001000000001000000010000100000000000000000000000000000000100000
10000000000000000000000000000000000000000001000000000000000010000100000000000000000000001000000000000
00001000000000000000000000000000100000000100000000000000000000010000000000010000000000110100000000000
00010001000000000010000000001000000000000000000000001000000000000000000010000000000000000001000000000
00000000000001000000001000001000100100000000000100001000000000000001000000000100000010000010000000000
00100000000000000000000000100001000100000000000000001000100000000001000000000100000000000000000000101
00000000000010000000000000000001000010001000001001000000000000000000000100000100100010000000000000000
00000000000000000000001000010000001000000011001000000100000000000001010000000000000000000000000000000
10000000000100000001000000010000001000001000000000001010000000000000001000000000011000000000000000000
00000000010100000010000000000000000000000100000001000000000001000000000001000001010010001000000000000
00000000000100000100000110100000000000000000000001000010000000010000000000000100001000000000010000000
00000000000000000000001000000000010000000000000000000000000000001000000000000000001000000010000000000
00100100000000000000000000000100100000000000000000000000100001000000000000001000000000000001000100001
00000000000000100001000100000000000000000000000000000000000000100000000000010000001010000001010000000
00010011100000000000000010000000000000000000000100000000000001000000000000000000000000000000010000000
00000000001000000000010000000000001000100000010001010100000000000001000000000100000000010000000000000
00000100000000000010000000100000100000000010000100000000000000100000000000000000000000001100000001000
00000000000010000010000000000000100000000000000000000000000000000000000000000110000000000000000000010
00000000000000010000000000000011100001000000000000000100000100000000100000000000000000000000000001010
01000001000000010000000000000110000000001000000000000000000000000010000000000000000000000000000000000
00000000000000000000000000010010001000010000000100100000000001000000010000100000000001001000000000000
00000101000001001000000000000000000001000000000000000000000010000001001001000000001000000000000000000
00000100000110000000110000001000000000000000001000010000000000010000000000000000000000000000000100000
00100000000000000000000000000000000000100000000010000000000000000000100000001000001000000000000000000
00010000000000000000000010000001011000100010000100100010000000000000000000000000000000000000000000000
00100001000000000000010000000000000000000000000000000010000000000100000000000000000000000000000000000
00100000000000000000000000000000000001000000000100000000010000000000010000100000001000000010000000000
00000001100000000000010000001000101000000001000000100100000000000000000000000101100000000000100000100
10100100100001000000000000101000000000000001000000000000011000000000000000000000001000000010000000000
01000000000000000000000000000010000000001000000000000000000001100000100001000000000000000010001100000
00000000000000100000000000000010000010001000000000000000100001000000000001001000000010001000100000010
01000000000000000100100000000100000000000000010000101000100001000000000000001001000000000010000000000
00100000000000010001000000000000100000000100000010000001000001000000000000000000000000010000000100001
01000000100010000000000001000000000000000001000000000000000000000100000000000000001000000000000010000
00000000100000000000000000000000010000000000001100000000010001000000010000000000000000000001000000000
00001000001010000001000100000000000000001010010000000000000000000000001100000000000010000000000000100
00000000000000000000000000000000000010000000000000000000010000000000000000000000010001000001000001000
00000000000000000000000000000100100000110000000000011110000000000100000000000000000000000100000000000
00000000000000010010010000010000000000000000100000011000100000000000000000001000010101000010000000000
00000000000000100000000000000000001000000000000000000000100000010000010000000000000000000000000000000
10001000010010000001000000000000000000000000000000000000001010000000001000001000000000000000100000000
10000000110000000001010010001000000000100000100000000000000000000000000000000000000000000000000010000
00000001000000000000000000001000000000000000000000000000000000000100000000000000010000000100000000000
10010000000000000100100001000010100000000000000000010000011000000000000000000000000000010000000001010
00000001011000000001001000000000000101000000010110000000010000000000100100000000011010000000000000000
00000000000000000000010000010000000001000000010000000001100000100000000000010000110000000001000100000
00010000100000000000000000000000000000000101000100000000100000010010010000000010001010000010000000000
00000000000000001000000000010000001000000000000000000000010000001000000000000000000000001000000100010
00000001000000000000001000000010000000010000000000000000000000100000000000000000000000000000100000000
