00010000110100000000100100000010010001100100001000000100001100100110010000001000010010000000100010000
00000001000100001000100001010001000100011001000100000100010000100000000100110001100010000000000010100
01010001000001000001100000100000010000100100011100010000000000000000000000001100100010000000000100000
00000000001001100000010110100010101001000100000001100100010000110000001000000000010010110000100111000
10000000000000101000010001000000000100000001101000010010100000001000010110001110001000001000011100000
00000001010000000001000000100000000000000000000000000000000100100001110111000010100000001010001000100
10110100000101000100010000100000100000010001010000011000001000000101010010010100100001001000000100000
01010000001000011100000000010000000000010000010101001001001001000001000000000010000000000010000000010
00011000000001110000100101100010010001010000001001000110100001010000101000001101000010000110001000100
01001100000100000001001010011000111010001010000000010001000000100001010110010001000001001100000001000
00010001000010000000100000010101001001001000000011000001000000101000000010011001000110111000100001000
01101000000011001000000001110000010000000000000000011000101100000001100000100000000000000101001000010
01000110011000000000001000101000100000011100011000001001000000110000000000000000000001001001110000000
00001011010000000000100100001100100001110000100000010011100100110100000010101000100000000000000000000
10001001000010001001000010000100000100100011000100000001100000010011010000001000000000000000010010000
00001000000010000000000000000001111001000011010000100000001000110001101000100010000000010000000000010
11000001010000110101110001000100001010010000010000000100010000000100000010100000101001000001000010000
00010000010010010010101001011000000101000100001000000011100011011000000100001000100001001000100110000
00110000001001010110000000000010000010000001110001110000101000110100010000000010101001000000100001000
11100011000000000000010001000000010100000010100000000101000100001011010011000000000000100100000011000
10100000000100000000000110010001100000010100001001011100000010000001010011000110000000001100001100110
01000110000000000100100000000000001000001010000011100001101000000100000100000000110001111111000000000
10000000000100000010100010010000000000100000000100001100010010000010100001000001000100011010101100100
00010101001000000000100010100000101000010000011000000000100101001000000000001000000010100010010000010
00010000100000100000000010000011100000100110001000100100000001000101000010010010000101000100010000000
01001000010100000011000000000001100001101000100000000010000100000000100000000000000100000000010100100
00100001010010000000001000101100000101001010000001010000000000000100010101000101011000001110000000000
10101000000001100000000010110000010001100010000000010000111101000011101001010000000011001000100100110
10001001000100000010000110001000001000001000001000110000000001000000000100000101111000010100001101000
01101101110000000000000011010100001110011111000001000000000101001100101000000001100000000000010100100
11000000000001000001100100100000110100000110010010000000110011000000000011000100010010100111100000000
00100000010011010011000100000001001001001001001001000100000000010000111000000000000100000001000101000
00010000100010010110100010001000001000100100010000110000100101000110010001000000010000001001001000010
01000100110000010101011001000000000000000000010010000100000010010100000000000001000000000001000001010
10011010010001101101000000000010000000110000000011110001111000000000000101100100000110000000000000010
00000010000000001000100100000000100000000001000000000010000100100101000001001001010111100100110010100
00100101111100100001000000100000000000000000000100111010000000001100001001100000000000010000000000000
00010000100000000110110000000100010000000000000110100001011100001000001000110000000000001100001000010
01010100100000001101001100101100010000110000101000001000110001001011000000110100000000000000010100010
11010000000110110001000110100100000100111000100000010001000101010000100000000000100010100010000000100
10101100001000000110011101000000010000001010010000000001000010010011011000010010100110100011011100000
10010000100001001001001001001010010101011010000000001001000010001001100111100000001001100000000111010
11100000000001010000000000101010000001001001000000001001010000001000000010001100010000010000000100010
00000000000001100000010000001000000001001001000101101001000000000100011000000000001100000001010101000
00000000101100000100100000000100000000001010110100000010101110000000000001000010000001010101000001000
01010000100010000001000101100000000001000000010000000001000011000000000000010010000010000010000000010
00000010000100101001000011001000000100110000001000000000101010000000000010010110010100110000010000000
00010011010000100000000100000010000001001011000000000001001100000001110000010100000101100010010000000
01000000001001000010000100011100111000101000011000000001001000010101000000010000110100100000000010000
01011001000100101101010000101000000110001000000000000100000100000001100001001000000000101001110001000
00010010101100010000000000000001100000000001010100000000001010000010001001100010000000010000010001010
00000100100010000010100100010100010001011010100001100001100000000100100000001001000100110000010001000
01001100110010000010100100000000000110110010101010000100101000000000100000110000000110000010100010100
10000000101001010101000100011100011100000100011000010000010110100100000001000000001000000110011000000
00100011000000000000000000000000000000100100111010000101010010000100111010010000001010100001001011010
01110011010100101011000001010010100100000000101100000100010000000000000001000000101000000100110110100
10110000000000010000001000010000010001110100010001010011001000101101000001001010001100110000010000000
00100001001010010000011010000000100010001010000010000010000001001100000001011000101100010000101010000
01000000001000011000100000100010000000000010001000111001000001001010001010001100001000001000000100000
11010000000000001100011001100110000010000000001000011100000000010000000000010001000000010000000100000
00110100000101010000000010100001110111000000000100001100001000100000010010000000000000001000100011100
00000101010010001000001000100001000111000100000011110101001001000100100101000001000000001000110100000
10100000101000001000000100010001000010011001000010101010000000001110000000011111010001000000000100000
00000000001000001100001000001100010100000101000100100010001000000000001000001010000101000010010000000
00001000100000001101010000010110101000010110101010100010001010000000000000100001000001100101000100000
10000000000100101100010000000100110001000001110111000010100000010000010000101000010110000100001001110
00000101111001001000100011000100010010000000001100000001001000100100101000010010110001000010000001000
10110000100000100000110000010100001101000001100010111010011000000100011101001000001001000100101000010
01010010000000100001001000000111000101110000000100010011001100100000001000000100000000010000010000000
11000000000011000011010001000100100000100000110000000010001001101000010100001010001000000100001010010
01010000001010001000000001010100000001000001000000100000011001001001000011000010001100111100100010110
00110011100110111100000010101001000000000101000000000000100101000010100100100001000011010000001000010
00000000010100000100001010010100000001010100001000000001000000010001000010100001101000100110010001100
00000100000000110000000000010010000000000010001000011010100001001001010000000011000100000000000000110
11010010000001100000001000000000001010010101000001100000110000011111100100000000010000010010100011010
10000100000000010000000001110101011010100000001000000000000001100111000000010000100010001011000000110
00000000100010000100111001000010000000000110000010000001110010000000000000010000000000100100011000110
10100000000000010011000110100100000000000001000001000001010000011000000100100010000001000000001000010
00000010000000010000110011100000000000110000001010000001000011010000000001001000000111000001000001000
01001000000110000100001100000000100001000000001000000000000000000010001000000001010000110100000001100
00000000001000001000000000010001100000000011010011000000101000001010000000000000100100100000001100100
00100110000000000000100101000100111110000011000001010000100001001110000010010000010100010010010000000
00000000010101100001001000000000010000000100010110010000110000010000000000101100001010000001001000000
00101001000100001100101101110010001010000000001000000000111100000000000100001000000000001101000010010
00010010100101100110010100000011000101000000000011101000111100000001101000010010000000011000100100010
00000000100010000100000000001001000010000011101000000100010000010101010110000010101110010001100000000
01001100100011011100000010001000110001011000110101001000001100000010100000000000000110000001100000000
00010000010011001000000000001001000100000010101010000001001110001000000000000000110000001100000000000
01000000010101001011000010001000000000000100110000000000000011001101000000001100000000000110001000100
00001000000100000010000100000000010000000100001000000001000000000001001100000001100000000010010011000
10100001000000100100000000001000100001000110100010000000010000110000000000000010000010000100100101000
01110000100000001011000110100100000100010010100000000000000000100110010010000000100000000000000011100
11100000000110000001000000111001000000000000010101100101010000000000000010011001101110000100000000110
00001110000001001110011000010010010100000100000100000010000010100000010000000000000100000000100000000
00010000001100000000001000000000001001000100000001001000000100000000010000001001000100001000000100100
10000000010100101110000000001011000000001001001001010000000000000010010100000000001000000000011000010
11000000000010110001001000100001000000010001010101000100101001000100111010000000001010000000100010010
00011000010001000101000000000100001010000000000000000000100000001000000000000001100101110001110000110
10010000001001100100000001100110000110001001111001000001011000000000000000000001000100010100010000000
01000001000100001010011010010000001000100001001000000100001010000001000100000000000100101000001100000
00000000000000000000000000000000000000000000000000000000000000000000000000000000000000000000000000000
