00000000000000000000100000010000000000000000000000000000000000000000100000000000000000011000001000000
10000000000001001001000001100000000000000000000000000000000000000000001000010000000000100000000000000
00000000000000000100000000001001000000000001000000000000001000001100100000000000000000000000010000100
00000100010000000000000100010000001000000000000000000001000000011000000000000000000100000000010000000
00000000000000000000000010010000000000000000000000000001000000010000000000000000000000000000000001000
00000000010001000000000000000100000000010000010000000001000010000000000000000000000000000000010000000
00000001000000000000000000001000000001000000000000000000000000000010000001000000000000000000000000000
00000000000100000000000001100010000000000000000100000000001000000000000000000000000010000000000000000
00000000000010000000000100000010000001000000010000100001001000000001000000000000000000000000000000000
00100000001000010000000000100000000010010000011000001001000000000000000000000000000000100010000000000
00010000011000000001000000000000000100000000001000000000000010000000000000000000000000000000000001010
00000000000000100000000000000100001000101000010000000000000000000000110000001000000000001010110000000
10000000000000100001100000000000010000001000000010000000000001000000000000001010000000000000000000000
00100000001000000000101000000000000000000000000000000100100100000000000001000000100000000000000010000
10000000000001000000000000000000001010100000000001000000000000000000000000000000000101100000000000000
00000000000000000101000000000000000000000000000000000000000000100000000011010000100000000000000000000
00000000000001000110001000000000000000110000000000010000000000001000010100000000100000000000000000000
00000000000000100100000100010000000000000011001000000000000000000000111000000001000000100000000000000
00000010000000000000000000000000000000000000000000000000100100011000001000000000001000000100000000100
00010101001001000000000000000000010000000001000001000000000101000000010000000010011001000000000000000
10000001000000000000000000000010000000001000000000000000010000000000000000000000000000000001010001010
00000000000000100000001100000000000000000000000100000000000000000100000000000101010000000000000000000
00000000000000000100000000001011000010000000000000000001000000000000010000000000001000010000000000000
00000001000000000000011000100000100000000100000000001001000000100000000000000100001001000000000000000
01000010100010000000000000000000100101000001100000100010000110000010000110000000100000000000000000000
00000000000000000010000000000010000000000000000000000000000000100000001001100000000000000000010000010
00000010000000001000001001000010000000000000000000100000000000000000000011000010000000000000000001000
00010000010000000000000000001010000000000000000001011000000000000010000000100000000001000000001100000
01000000000001000010000000010000100010000001000000000000100000000000100000100101000001000000001001000
00000000000000000000000000000000001001001010000110000000000000000010000000010000000100000010000000000
00000000100000000000000010000000010000000000000000000010000000000000100000000000000000000000001000000
00000000000000010000001001000000000000000000000000000000100000000000010100000000100000000000001000000
00000000000000001010000000000000100000101000010000000000000000010000000011100000000000001000000000000
00000000000000000101000000000000000000100000100000100000001000000000000001000000000010000010000000000
00000000000010000000000000000000000000000000100000000000001000000000010000000000000000101000000000000
00000000000000000000000000000001000000000000100001000000000001000010000000000000000010000001000000000
00000000010010000000000001010000000000000000000000000000000000000000001000000000010000010000000001010
00010000010000000000000000000101100001000100000000000000000000100000100000000100010000000000100000000
00000000000000000000000001000000000000000000001000000010000000000010000000000000000001100000100100000
00000000000010000000000000000000000010001000010010000000011000010001000000000000010000100000001000000
00100011000000010000000000000000000000000001100000000000000000000000000000000000000000000000000000000
00010000010000000000011000000000000000000000000000000000100000000000000000000000000000000000000000000
01000010000000000000000000000000000000000100000000000000000000101000000000000010110110000000000000000
00001000010000000001000100000000000000000000000000000000000000000000000000010000000000000000000100000
00000000100010000000000000010001000000110010000001001000010000001100000000000000000100000001000000100
00000000000000000000000000001000000000001000010000000000000000000000000000100000000000000000000000000
00100000011000000000000000000001100000000000000000000000010000000000001000000000001000000100000001010
00000000000000010000001000001100000000000010000000100000000000011000000000000000100000100000000000100
00000001100000000000010000000010000000000000000100000000000000000000000000101001000000000000100000000
00000000000000000101000010001000000001100000100000000000000001000000000000000000000000000000000000000
00000100000000000000000000000000000000000000110000010000110000010000000000000000000000000000000000000
01000000100000010100000000000000000000000000000000000001000000000000001000001000010000000010000000000
00000000000010000000000000000000000000001000000001000000000000000010000000000010000000000000000000100
00000010010000000000000000000010001000001000100000000000000000000000000000000000010000100000000000000
00110000000000000000000000100000000000000000100000000000000000000000001010010000000000010000100000000
00000100000000010000001000000000000000000000000000000000000001000000000000000000001000000010001000000
10000000000000001000000000000000100000000000000000000000000010000000000110000100010100000000000000000
01000000100000100000100000000000010001000000001100000000000000000100000000000001000000000000000000100
01000100000000100000000001000000000101000001000000010000000001100000000010000000000000000000000010000
00000000000000001000010010001000000000000000000000000001010000001000001000000000000000000000000010000
00000000000000000100000000010000100000000101100001000000000100000000000000100001000000000000000000000
00000000000000101000000000000000000000000000000000010000000000000010000010000000000000100000000001000
01000000000000000000000000000000000000100000000000000000000001000000000001000001000000000000000001100
00000000000000000001000000010100000000000000000000100001000000000000000001000001000000000000000000000
10000000100000000000000000000000000000000000000000000000000000000000000000000000000010000000000000000
00000000000000000000011001000000000000000000000000000000101000000000000000010000000000101000000100000
00000000110000010100000100000000000100000000100100010000000000000000000000000000100000000000000000000
00000000000100000010101001000100000000000000000000000001000000001000000000001100000000000000010000100
11000000000000000000000000000000000000000000000000000000000010010010000000000000000100000000000000000
00000000000000000000000000100000100000000000000000000010100001000000001000000000100000000000000000000
00000000000000000000010000000000000000000000000000001000000001000000000001000000000000000000001000000
00000000000001000000000000010000000000100001010000100000000000000000000000001011000010000010000000000
00000000000100000000000000001000000000100000000011000000000000000000001001000000000001000000000000000
00010000000000000000000000000000000000000000000010000000000000000000000000010001011000100100010100000
10010000000000100000100000000000000100000000100000010000000000000000000000010100000000000000000000000
01001000000000000000010010110000000000100001000000000000010000000000000001000000000100010000000000000
00000000001100100000100000000000000010000000001000000010000000000000000100001100000000000000000000010
00000000000000000000010000000010000100000000100000000000000000000001000000000000001000000000000001100
11000000000000000010000001001000000111000000000000000100000000000000000000000100000000100000000100000
00000100000000000000000000000000000100000100000000000000000000000000001100000000001000101000000000010
00000000000010000101000000000000000000000000000000000100100000001001000000100000000000101000100000000
00000100000000000000000010000000000000000000110000000100000110000001010000100000000100000010000000100
00000000001000000000000010001000000100000000110000000001000001000000011100000000000000000000000000000
10000000000010000000000000000000000000010000000000000000000000000001000100000010001100000100000000000
00001000000000000000001000000000000000010000000001010001000000000001000000001000000100000000000000000
01010000000000100000000100010000100001100001010010000000000001000000000000000000000000000000000000000
00000000000000011000000001100010000000000000000000000000000000000000000001000010000000000000000000000
00011000000000001000000000000000011000000000000000000000000000010100000000000000010000000000000010000
00000000100010110000000001100000000000000000000000000000000000000001000001000000111000000000000000000
00000000000000001100000010000110000001000000010000000000000000000101000000000000001000000000000000000
01000100001000010000000000000010000000000001000000010010000000000001000000000000000001000000000000000
00000001000100000000000000000000000010010000001000000000010000000000000000000000000000010000000000000
00000010100010000000000000000000000000000000001000000000000000010000010000000000000000001000000100000
00000100000000000010000000010000010000000000000000000000010000000000100000100000001010000000000100000
00000000000000000000100001000001010000010000000000000000000000000000001000100001000010010000001000000
00001000000000100000001000000000110000000000000000000001000000000000000000010000000100000000000000000
10100000000000000000000100000000001100000000010000000000000000100000000100100000000000100000001010000
00000001000000000000000100000000000000000100000010000000000000010000000000001000000000000000000100010
00000000010000000000100000000010000000001000010000000000000000001010100000001000001000000001001000000
00000100000000100010100011001000000000000000010000000000001000000000000010000100000010000000000000000
00000000000000000000000000000000000000000000000000000000000000000000000000000000000000000000000000000
