00000101100000001001011000100010010010000001101011100000000000001010000010000110000001001000100000011
00000100001000100110000011001001001001001011010000011101101000000000110000010000000101011110010000000
01100000000001000000000000111100101000000000000001000000000100000010000000001011000000100000000100000
00100001001000100000000010001011000011000110011001010111001110010000001001000000011000001000000000100
01010010010000000000000101000001000000001000001100000000011000010000000001010100000000000010001010001
00000000100000000001100100100000001110011001000001011000010100000010100000000000100100100110000011001
10100000000000100000100000011010011000000100000010001000000000010000110010001000011000000001010000101
00000000010101101100010001000001000011000000010000000100000001000001000011001000000001000010000000000
01100001100000000110000000000100000001100010100000101000100100000100100010100010010100001000001000011
01000011000001000010000000011001000101100010010100001110000000001000000110100010000000101000010000000
10001010001000010000000001000010010001000010000000000000010001100001010000000001000000000001000001001
00001000001011110010100001011000101001000011000111000100000000000100000000000001000011010000000010001
00010110000011001101000011010000000000001001000000111001000010010000000011000000010010100010000000000
00000010000100000010101010010100110000001100010000000010000000110000010000100000000000001110001001100
01000100101000000010100000011000000000000001100000000010000010100000000000000011100010011000101100000
00000000100001000000000001010110001010010000010010000010100100101010000100000010011000000011000001101
10110000110010110000100000001000000100000001000010000010000000000000100011000000001000000011101000000
01100010010000100010000001001010000000101000100001001000001001100011000100100000010001001001000000000
01000000001000000000000000011000001010000000000110100000001000011000100100010011010001000000001010010
00100100000100010000000000001000000000100010000110000001001000000100000010001000101100010000010000000
01000001100000100001100110111010100010000001100100000000100000101000101100100000000000000000000000011
00001001111010000000001001000100000100000001100000100010010000000001101110000000010000000110101101100
00000001100100000000001001000000000100001010000000000000000000000010010000000000000000010000110000000
10000001011000000101000100000100000010000000101100001001110001010100010000100010110000010000000001000
00001001100001000001000001000000011000000001000000000000001000100100110000000111000010110000000000010
00000101100000100001000001101001010000000010001100101000101100001000100000010000000101000001001000010
00000101001001000000010000010001100000000000000110000010100010000000000000000000000001010111001001010
00110111000100000001101000000000000001001000000000100100010000000010000000010010010001100110010001001
00000000010001001110000001100000000100000010100000000101001001001000111001001000001001000001110010000
00010000010001000000100000001011100000001110001000101000101000100000000100100000000000010000101000001
10100000001000111000000000101101100011000001100000101010110000001010000010000010001010000100000011110
00100000001000001001000001000110011000000100000100000100000010000110000100010010100000000000000110000
00000000000100011000011010110000001001010000000011000001011100100000000100101000000100000000000000000
11010000010100000000001000000100000000101000000000001100000000000000000100000010011000001100100011010
00000000000000000000001010000100000100100001000000000110001101001001100000000101100001101110100010001
00010100000110101011001110001000001100000010000010001001011010110010010000011000101001000110000001100
00000000001000000000000110001000110000001000001110100010000000100001011000100000010100010000100100110
00011010110000000001000011000001000100001000000010000100001000001101110100001001100000001110010100000
10010000001000001001000000001100001000000100000101000100001000110010101111000000100000000011011110000
00001000000000000011010010110010000001100101000101100100000110011000000100100000010000000100010001001
11010000110111101000110000101100000100000010101001101000111100110001110010110000101001000010000001010
00110000100000000000000001000010000110010000000000000011001000010010100000000100001000000001100000111
01000000100101000000010110011010000110000100000100011001100000000000101010000110000100000000010000000
10100110010000001101000010011000100001001101000000010010100101010011000001001001000101000000000011010
00000100010000000011000110000100011011001111000000001000010011010000100100000101000110001001100100000
00010010100111110000000111000010001000011000000001000100010000010100101000010000000110100110011001001
10011101000000001001001100010001010000001101000000000100001110010000001010001000000001010011000100011
00000010110000010011100000010000000000001000000000110101001000000000010001100100000001001000011001011
10000010011000010011000010000000100010000010000001010110010000010001000100100000010000000001001001011
00000000100100000000100000111110000000010110101000010010001010000100000000100001010000100010010001100
01000100000000110000000100111000001010001010010000000000111100010110000010000000100100000000000000001
00000010000001000000010010001100000101011001000010100100000000010000001011100000000100000000000000000
01110001000000000100001001000000000110010001000000010011101000001000000100001011000010000001100000101
10000001100101000000000100010101101000000000000101000011000001111000000001010010000000001000001110000
00000011000100001000110110000000010110100100100000100000010100001010110000001000001000000000001001010
00011000000011000000000000010011000010000000000010010000100001100000000000001001001000000101010010010
00000010111111000000010000100001100100000010001010100100100000010111000010000000000010000100000011010
00000000000000100000111001010000010000100110011000000010000000110100100000001001110000001010000010001
00011001001010000000000001000100000011100010010010000010000000000011000100000100001000000000010000001
00110010000000000010000100101101000001000000100100011010000101001000100110000001011110000000110000101
01110000001101000000001000000100011101000100100001001000100000000010101000000000000000011100101000000
11000110100111010010100101001001100000000100010000001110000000000000000000100001000101100111000100000
11010000000111011000000011000110101100000011001001000111000010000001000000000000000000000010000000000
01100110010001000110001000000000010100010000100000000011000001000000000000001000001000000110100000100
00000000010100010010110111000000000010000000000100000001000001001110010010000100000000101000100000001
01010000101000010101100010010110000000001000010000101000000110100110001110000000000000000010100000000
00001011110000000000000110010000000010000011000011001000100000000100001100100000000000010000101001001
00000010100000000101000000000010000010000011000000000010000001110100000000000000000001001000001010001
01000000100000000110001100000010000010000010000000000100100010110100000111000000000101010010010100101
11000000010010000010000000100000000010000011010110000000010001000000010010100101000010010000010000000
00110001000000101001010100000000000000000000000000000011001010000001000100001010010000000000100100001
10000001000000000100001000001100000001001000000001000000000100000001001000001000001100000000010000000
00001001001001000000010010000010000010100101010000111000000110001000001011110000010000001101000010000
01001100010000100110000001000001000000011000000110001001011000100010101000000000000000000100000010010
00000010000011001100010100001000000010000011001010001011000101000110000000010010000010001001101011000
00000000000000100001100010100001000010100010001000000000110001000011000000000100011000000000010100010
01100000100000000001000010010100100100000001000100000110000001000000000010001000100110000001100000000
10001000100111100001000000001000000001000010000110010010010000001001011001001010001010000000000110000
01010000000000010000000000100000100000001001000000001110000000100000000100000110000011001011000100001
00000100001010000011000010110001000000001110000100010000010000000000011001001000000100000000010000000
00110010000101010100000011100010000100001000000100110100000010000000000000010000000100000000001001000
00000110011000000110001100000100100000000000010000001010001000000000010010000000000000000010111001010
01000000000000000100000100000000010011010000101001011110111000000000100000100000000100000100000001000
00100110000000100000001100101100110000000000001001001010000100001000000000100000000001000000000110010
00000001101100000000001000100010011010010100000000000000000000000000000010000000000000000000010010110
10000001000000010010000000100010000010000000100000100000100110000000001000001001000100001100001000000
01100100100110011100000000100000100010010010110100011011000010000011000000000010000000101000001001100
00000101001000001000000101000000100000000000000100000000000110001000100011000001000000010100000000010
10100000101001100101000000010011000110000101000000101110000001101110000000110000000000110000100100100
01000100000000000000000000000000000100000001110000011100100001000010001001000110000000111000000000101
01000000000000001011000000000111001100001011000110001001000010000001000000100010000011001001000010100
00001100001001010000000011010100000000000001110001000000010001000011000100000000000010000000000100000
01000000000000111010000110100000000100001011010100000010000000000011011001000010000010000000000110001
10100000000100000001000100010100000000010000000100010000000000101000010001000100100000001000001110011
00000000001000101001000000000001000000001001010100000000000010000110000000000000110010100100000000000
00000000000100000001000011100001000100001000001000000100101000110001110000000000000000000001100001100
00100010000000000010000000000000000000010001001001101000011010100000101101000010010000000110011000000
01000001100010110010010000111010001010100001010100101001010111101110000000000000100100000100000010101
00000100000000000000001000100001100000001110001000000101001100001000000010100000001010000000000001000
00100100000010000000001001110000000111000000100000000010010001101001011000010000001000000000100000100
10101100111010000000000000001000000000010001000000001000000000000100001000010000010001000101000100010
