00000000000000000001100000000001100010100100100000100000000000000000101000000100000000000000000100010
00000100000000000010000000000000010000000000000000001000100000011000000000100000000000000000000000000
00000000000000000000010000000010000001000000010000001000000000001000010000001000000000001000000000100
00000000000000000010000000001000000000000000000000010000100101000000000000000100000100010000000000100
00000000000000000000000001000000000000000000100010100000100010000000000000000000000010000100000000000
00000000000000010001010000001000100000000000000000010000000100100000000000000000000001000000000000000
00000000000000100000000000000000000000000000000000100011000000000000000100000001000001100000000000000
00000100000000000010000000000000000000000000010000000000000100000000000000000000010000100000000000000
00001001000000000000100000000000000011001000100000000000000000000000000000000001000000000000101000000
00010000000010000000000000000000000010000000001000000000000010000000000000000000000000000000000000000
00110000000000001000000000010000000010001000000000000000000000000001000000010100000000000000001000000
00000010000101000001000000000000000000000000001000000000001000000000010000000000011000000010000000000
00010000010000001000000000000000000000000000000001000010011000000000110000000000000000000000001010000
00001000001000000000000000000000000000000011000000010000000000000000000100010000001010100000000000000
00110010000000000001000100000000000100000000000100000000000000000000100000000000000100000000000000000
00000000000000001011000000010000000100000000000000001000000000000000000000000010000001001010000000000
00000000000000000000000000000000000101000000000000010000000000000000000000001000000000000010000010000
00000100000000000010000000001000100001000000100000000010000000000100000010000000001010000000000001001
00000000000000011100000000000100000000000000010100110000000000000000000000100010000000000000000000000
00000000000000000010000000000000000000001000000000000000001000000000010000000000000000000000000001000
00010000001000001000000001000000100000000000000000000000000000100000100000000000000010000000000000000
00000000000000000000000000011000000000000000110000000000000000000001000100000000000100000000000000000
00000000010000000000000000000000000001000000000000010110100000000101000001000000000000000000010100000
00000000000010100001000000000000000000000001000000000000000000100000000000000000000000000000000000000
00000010000000000000010000010000000001001000100100000010000100000000000010100000010011000000000010000
00100000000000000000001000000000000000010000000101000000000000010000000000000000100000001000000000100
00000000010000000000000010000000000000000000000000000000000000000000000010000001000000000000000000000
00000000000000000100100010001000000101000110000000000000000000000000000000000000000000000000000000100
00000000000000000000000010000000000000000000010000000000000000000000000000000000000100000000100100000
00010000000011010100000100000010010000000010000000000000000000000000010000000001100000000000000000000
01000000000000000000000000000001000000000000000000000000000000100000001000001100000010000101000001100
00000000000000010000000000000011000000000000000000000000000000000000000000000000000101000000000000000
00000000000010100011000100010000001000100000000000000000000000000100001100000000000100000100000000000
00001000000000000000010100010000000000000100000000000000000000000011000000000000000010010001000000000
00000000000010000000010000000000011000000110000000000000000000000000000000001000000000100000000000001
00000000000000000011000000000000000010000000000000000010100000000000000000000000100000000000000000000
00000000000000000000000000000000000010001000000000000000000100000000000011000000000000000000010000100
00000010100010000000000100010000000000010000000000000000000000000000000001000000000000101010000000000
00000000000000000000000000010000000000000000000000000100000000000000000000000000000000001000000000000
00000000000000000000000000001000100000000000000000000001001100000000001001000000000000000000000000000
00001000000000000000000000100000000000000000000001000100010000000000000100000100000000000000000000000
00000000000000000000000001000000100001000000000000000000000000000000000000000000100000100000011000000
00000000000001010000000000000000000000000000000000000000000000000000000000000000011000001000000000100
10000000010000110000100000000000000000000000000000100010100000000000110100000000000010100000000000001
00000000000000000000001000000000001000010000000001000100000000000000000000000100010010000001000000000
00100000001000000000001110000010000000000000000000000000000000000001000000000000000000000000000000010
00000000000000000001000000000001000000000000000100000000000000000000000000000100000000000000100000010
00001000000010000000000000101000000000000000000100000010000000000000000000010000000010000000001000000
00000000000000000000001000000000000000010100000000000000000000100000000000000000000000010000000000010
00100000000000000000000000000000100000010001100000000101000000000000100010000100000010000001000100000
00000001000001000000100001000100000000000000000010000000000001000000000000000000100000000000000000000
00010100000000100000000000110000011000000000000000000000000000100000000000000000000000000000000010000
00100000000000100000000000100000000100001100000000100000000001000000000000000000000000010000000000010
01000000000010000000000000000000000000000011000000100000001000000000000100000000000000000000000000000
00000000101000000000000000000000000000000000000000001000000001100100000100000000100000000000100000000
00100000000000000000000000000000000000000001000000000000000000000000000000000001000010100000000000110
00010000000000000000000000000000000100000010000000000010000000000000000000000000000000000000000000000
00000010000000000001000000000000000000101000000000000100000000000000000000000001000000000000000001000
01000000000011001000000000000000000000000000000000000000001000000000100000000000000000000000000100000
00010000000000000000000000000000000000000000000000000001000000001001000000000001001000000000000000100
00000100000000000010000001000100010010000010000000101000000000000000000000000100000000000000000000000
00000000001101000100010000100000000000000000000001000000000101000000010000000001000000000000000000000
00000100000001000000000000000000000000000000000100000010000000000000000000000000000000000000000000000
00001000000000000000000100000000000000000000000000010000110010001001000011100000100000000000000000000
00000000000010000000000000010000000000000000000000000000000000000100000000000000100000000000000000000
10000001001000000000000000001100000000010000000000000000000000000000000000000001000000000001000000000
00000000101000000100000000000000000001000100000000000100000010100000000100100000000000000100000000000
00000000010000010000010000010000000000000000000000000000100000001000000000000100000000000000100000000
10010000000100000000000000000100000100000000000000000010000000000100000000000000000000100000000001000
00101000000000001100000000000000000000000000000000000000000100000100100000000000000000000000001000000
00000000000000010000010100000010000001000000000000000000000000000000000000010000001000000100000000000
01000000000000000010000000001000000000000000010000100100000000100000000000000000000000000000000000100
01001001000000000000000000000000000000000000000010000000100000000000001000000000001000000100000000000
00000000000000100000101000000001000000000000001000101000000100001000000000000000001000100100000000010
00000000001001101000000000000000000000000000001000000100000000000000001010100000000000000000010000000
00000000000000000000000000000000010001000010010000000000000100000000000000100000000100000000000000001
10000000000000000000000000000100000000000001000000100000000000000000010000000000000100110000000100000
00000100000000000000010000000000000000000000000000001000000000010000000010000000000001000000000000100
00000001000000010100000000000000000000000000000000001000000001000010000000100000001000010000000001000
10000000010000000000000100000010000000000010000010000100000000001000000000000000000000000000000000000
00010010100000000001001000000100000000000000000100000000000000000000000100000000000000000000100000000
10000000000000001000000000001001000000000000000000000000000000000000000000000001100100000000010010000
00000100000000001100100001010101000001000000000000000010000001000000000000000000001010100000001100000
00001000001010001000000001001100000000100100000000000000001100000000001110001010001010000000001000000
00000000000000000001000001000000000001000011010001000000010001000000000000000000000000000000000000000
00001000000000001000000000001010000000000000100000000000000000000100000010000000000000001000000000000
00000000001000000000000010000000111000000000000001000000000000000000000100000000000000100000000000110
00001000001010000001000000000000100000100000001000000000000000000000000000000001001001000000001101000
10000000000000000000001000000000000000000000000000100000000000000000000000000000000100100000011000000
00000000000101000000000000001010000100001000010100101001000000010000000000000000000000000001000100000
00000000000000000000000010000000000010000100000000000010010000000000001000010000000010001000000010110
00010001000000000011000000001000000000000010000000000010000000110000000000000000000000000000000000100
00000001000000000000010100100000000110000010000000000000000000000010000100000000000000000000100001001
10000001001000000000010000000010001001000101000000000000100100000000100010000001000000000000101000000
00100100011000000010100000010000000000001000000000000100000000000100001000010000000000010001000000000
01000001000000000000000000000001000000000000000000000000000000000000000000000000001000000000000000000
00000100101010000000010000000010010000000000000001000000010100000000100100000000100000001000000001001
00000000001000000100000000001000000000100000000100000010000000010000001000000001000000000000001000000
00000000000000000000000000000000000000000000000000000100000000000000000101010101000000001000000000010
00100000000000000000000000000000000000000000000000001000000000000000000000000000000100000000010000000
00000000100011000000000000000000000100000000000000000000000000000000000000000001000000100000001000010
