00001000000000101100001010011000100001001010100010001000011000000000100000000000000000101100001010010
01010100010110000011000011100000010000000100100000110011101000101010100000000011000001000000010100100
10010100100110011100000100000101000010000001011000100001000101010000000001000010011011100000101111001
00100100010000100100000000010000110011010000101111001000001000000100100000110000001001000011101011000
01100101100001001001000100000000000000000100000001011001000100100010000010010000000000010000010011100
01100000010001100100000110000000000001000110000000000000010100110000000010001100010100100110010001010
01000001100010100100001110000100100100101011000000000001000000010001000000001000000010010100100000000
00100111011001001101000100000000001000001110000001110110101001001000001100100011000010101100000000100
01000110100000000001000000000111000100000000000000110000010000000010100010001000000000101010000000001
00110101000010010101000000000001100100001000000000010001010110001111001001000100101010100101000001000
00001000100010010000000001000000010011100010000000010001101100010000001010000010000000000001011011000
01110000100000000000010010001100001000001001001000100000100000000001000110010010010000011001110001000
00000100100001100101101000100001100001000000001000100001001000001001000100000000101100000001100000000
00010010000010000010001000010000010000010010010000100010100000011000100100000010010000000100010100010
01000010101000100001010000000000010000000100100100010010000010100101100100001010111000110100001100001
00010010000000000111010100100000000101010000001000000100000100000000111010000000001010011100000011100
00010000001100100010000001100000000000011010100001001000011010000011100100000001100101000100000001000
00100001010010000001000000001100000011010000010000000100000000000000000100100000000000000101000100000
00001001000001001000000000100101001000000000000001100000000111000100000001110000000000000000010100001
11001000100001110001000000000000001110000001000001110101100000100010001000110000011000100111000110110
00010000000101100010000000010000000010000110100100100000000000000000100000001010011110100000100100010
00010000001001011100100001000010001100100010100001000100010000000100000000110000000100000101000000110
00010000000000000011000100001010001100000100010110001001000000001110001010000010100010000000100100001
00001100011000011100101010000010100010000000100000100101000101100001000001000000001000100000000000100
00000000000111000001000010000000001011000000000000111010100001000101001000001000010000101000001010000
11110000100000001011100100000100000101000101101001100001000101010100000100000000000000010010000100001
00000001000000110000111111100000000000100000000101010001100000000110000000000000000000100110001000010
00010001000100000011001000100110000100101010000000000001000000100000000110000010000010001001000000101
00000010000001010100000010000001100000000101000001010100010011101100000010100000000010000000011000000
11011100100000101000000100110010000101000000000000000000000000000010000110000010101010010000000000000
00000000000000000011000000110001001000001000100100000000000000000000000000001000001001010010000000010
01000101000010011001000001000000001001000010100001100110100000001001000000001000001000100000001010001
00010000100001001010101001100100100010000001010000101000100000011011000000010000000000000000001101010
10000000111010011000100010000010010001001001000000000010011010000000100000000100000010111000000110001
01000000000100000000000000010000010100000000000000010010010001100000100100000001111010000001010101000
00001000000000101111010001100000110001001110010010010000000000001001000000000101010000001001110011010
00000110000000100000000101000001010000101001000010110011001000000000100100000010000101100101001000000
01000110110000000000100000000010000100101010000011000001001000001000100001001010000000000011000001010
01010000000011000100000000011011001001101010000000010000000000000010000000011000010001000101000000000
11000000010000001101000100000100000010100100001000010101000100100010000010000010011001010010000100000
01001010001000000000001100100000001001001000000011000110000010000011100001100010000101000100111000000
11000010101101100000011000000001010000000010110001011001010001000011101001100000000100000101010010000
00001001100011000011000001101100000000010000011001000000000101100101000011010100000000001000001011000
11000000010100000111010000010011100100000010000000010010001110000000000000000000001100000100010010000
01000000010000010100000001000000010000100001000000001001000010000000010000000100011100100110000000100
00010000100001100000000000011001100001000100110100100000010010000000010010000110000011000101001001110
00001000001001000100001100100000000100010000001101000111100010000100101010001000000010000000010100000
10000110011000100010000010000000001010010100000001010100000001010100000000010110010000000000010000010
01010101100000001000000000000101000000000000100011100100111010000000000000000000010000001000000010000
00000000010001000100000000010100110000001100000001111010001011101110100001100000101110101100000010000
00000100000000000000111100000000000101000000010110100001010000101100011000000000100001010000000000000
00100001000000001000000000100010100000100000000010010000111000001010011010101000001000000010001110100
00000000000000001000011101101000000100000000110000000000000000000001010000000000100000010001010000001
00000010000110001000000010001000000000000011000010000000100000001010001000000010000000000010000000001
11100110000000000000001100000011000010000000000101010011101001110000000000010000000000000010100100000
00000101000100101010100101101100011000010110010000101010010000010000100000101100110010000110000010010
11000000010001000101001000110011000000010101001001000000000000000001000100001001010100010000000010000
10000001101001010000000000000001000010100000000000100000000000000110010000000000000000000000010001001
10001011000110001000010000010000000001011000001100000001010001111010100010000000100001000000010010110
01100010000000010101010001100000000110000000010000000010000000010001100010010111000001010110010101001
00111100110000000100100000000000001110000000100010001000110010000000000010001000000110000000001100011
00101000110001000110100011000001000010000010010000000010110000000000010010010000000000000000000000001
01000000000001100101110000000100001011100000100000001001000010100010011101001010000000010100100000000
00000000111000010000101000000100001000000011000011010000011110100100001000000000100011001000010100000
00001000001000000100010101010010001001011010000000001000100000001001001000000010010110000100000010000
00111000100010001000001000100000010010010000000000110000000101000000010001001001001010000000110100100
10100000010000001000011001100000001101010000000000011000000000010100001001010000000110100100100001000
00011000111000001001011011000000000100000000010110000110110100000010000000010000100000011100111010100
00000100000010100010100000001101111011010000010010101110111010000100000001100100001001001000000000110
00100010010010000000000000000010001100000100110101001001011000010011100000001001000000001000000100011
00000000100010001010000000010010000010110001001010001000010011101000000000100000000000000010111010000
00010010000000010011000000000000101010001000000000100000000001000010000000010010000100100100001000000
10010101001000010010101000100010001000010100000001000001000001000010000000000010011010101000010101101
00011011001000001010001100010010000000011000000000100000000000000001000000010000001001000001000000000
00000001100110000010000000000001000001000000010000000000010001010001010111000000101000001100100010010
00000010001000000110000100010000010000010100001000000000000100000001010000000000000000010001000000001
01010010010000011100000010000000011000000100101010000100001000100010000111110010010000101110000000010
10001000111111000010010000000011000010000010000100000000011100010000101000001100000001000000000010110
10001010110010101010000000000000000011101000010000100000001100101000000010000101000001001000011000000
01000100100000100000101101000001000000000010111100000000001000100000011110000101100001100011001000011
10010000011000000110101001001001000100010010000100010001000100110000100000000000000000100000010000000
10010000000101000000100011000010110000100100101000000010001100000010110000110010000100001000001001100
10010110001010111000100111001000000011000000000011000000000100000000001000111001100010010000000100010
10000011100011010001010001001100010001100000000000001010000100000100110001000010010101001001100001010
01011110000000000101001000000001010000011010000110110000000100000100000000100001100001000001000000010
00100000100001010001010101001100011100001101000000000000000100100100000000000010100000000000000010000
00100000010110001010101100000000000111010100001001100001100100000010010010100101100111001000000110000
00001011001000101000110000111000100011010000101001100000000010000000100001000000100001100000000110000
00000101101011000001000000001000001000001001000000000001010100000100100010100000000001010101010001000
00110100000000010000001010000000000100010000100010000000001100000001000010010111001000000000010001101
01010000000000100000010101100100000010000101000001001101000000001000010001000000010000010000000001001
00000000110010010000000000010000000010100100010000100000100000010010000100001010001000001001010000100
00101000000010001001001010000011100000100000000100000000100000110010100101010000010010100000110000000
01000100000000000000010001000010011010001101001100000010001000001110000001000001000000000010000000010
01000000000101010100011000101000000000000000001001010010000000001000100001000111100000000010000010000
11001001101100000011110001000010000000001000010000000001000010100010010000000010000100000010000000001
00000010010000100001100110000111100100001001010000000101000001100000001100000010001000001000111101110
00000000100100100000000100100100000011011101000010100100110000001000001000000100001000000110000100010
00000000000010000111000100000000000000001100000010100000100100001000001010010001000000000000000000101
10000000001000011000000000010000000000010100000010100000000000010001000010100000000100000101010000010
00000100010010000010000000111011000000100001100011000000110100100101000100001010010010000000100011000
