00001100000000000010000000000000100000000000010000000000000100000000000000000000010100000000000000000
00001000001000000000000000000000001000000000000001000000000000000000000000010000000010000000000100010
00010100000000100000001000000000000100000000000001000000001000000001000000000000100000010000000001000
00000100000000000000000000000001000010000000000001000000000001000000000000010000000000100010000000000
00010000000000001000000000001010000000000110001001000000000010001000011000000000001000000000000000000
00000000010000000110001000000000000000000000011000001000001010000010000001000000000000000000000000000
00000000000000000000000000000000000000010000000000000010000000000000000000000010000010001001000000000
00010100000000000010110000000010000000000000101000000000101000100010100000000100000101100000000000000
00000010000000000000000000100000000000000000000000001000000000101000000000100000110000010000000000010
00000000000010100000100000010000001000000000000010000000000000000001001000000000001000010001000000010
00011000010000000000010000000000000000000000000000000000101010000000000000010000000000000001000000000
00100001010000000000001000000100000001000000100100000000000000010000000000000000000100000001000000000
00000000000000000000000000000010000000000000000000000000000000000000000001000000100001000000000000000
10000000000000000000000100000000100001000000000000000000100000101000000000000000000000010000000000010
00000100000000010000000000010000000000000000000001000000000000000000000000000000000000000100000000100
00000010100000001000000000000000000000000000010000000000100000000000000000010000000010000000001000000
00000000000000000010000000000000000100000000000010000001000000010000000000000000001000000000000001000
00001000000000010000000000000010000001001000000000000000000000000001000000000000000000000101000100000
00000000010000000010110000000000000100100010000000000000000000000000000000000001000000000000100000000
01000010010000000010000000000000010000000000000000000000000000100000000000000000010010000000001001000
00000000000000010010000010000010000000000000000000000110000000000000000000000001000000000000000000000
00000100000001000000000001000000100000000000000000100000000101010101000000000000000000000000000100000
00000000000000000101000100000000000000000100000000110101100000000000000000000000100000000011001001100
00000000000100110000000000000000000000000000000000000000001000000000000100000000000001000000101000000
00000100000000001000000000000000000001000000100000000000000000000100000001000000100000010100011000000
00000000000000000000000000000010010000000000000000000000000000000000000010000010000000000000000100000
00100010000000110001010000000000000001000000000000000000000000000000000000001000000000000000000000000
10000000000000000010001000000000010000000000000000001000000100000000001000100001110000000000000000000
00000110000000000000000000000000100000000000000000000000000000000000000000000000001010000000000000010
00001000000000001100000011100000010000100000001000000000001100000100000001000000000000000100000000000
00000001000000000000000000000000000000100000000000000000000010000000000000000000010000000000000010000
00000000000000000000000100000000000000000000001000010000000000000000000000001001000000000000000000000
01000000000100000001010000010000000000110000000000000001000000000000000010000000100000000010000000000
00000000010100000101000000001000000000010000000000000000000000001000001010010000000000100000000000000
01000000000000000001000000010100010000110000000000000000000000101000000000000000000000000001001000000
00000010000000010000000000000000000001000000000100000000000000000000000000000010000000100000000010000
00000000000000100000000000010010010000000000000000000000100000000000000000000100000000000000000001000
00000010000000110000000000000000000000000000000011001000010000100000000000000000000010000100000000000
00000000000000000000000001000000000000000000000000000000000001011000000100000000000010000000000000000
00000000101000000000000100000100000010010000100100010000000000000001000010001000001000000000010001100
00000000000000000001000110100000000000000100000101100000000000000000000000000000000000000000000000000
00000000000000000000000000000000000000000000000000000010010000001000000000000000100001000000000100100
00000100000000000001000000000000000010001001000000000000101000000001001000000000100010101100000001000
00000100000000000000000000100000000000000000000000000000000100000000000000000000000000000000001001000
00100000010000000110000010010000000000000010000000000000000110000000001010000000000000000000001000100
00000000000000001000000100000000100000000000000000001001010000000000000000000000000000000000000000000
01000000000000000000000000000000000000000000110000000000000100000001000000000000000000000101000000000
00000000000100000001101000100000000000000100001000000010000000000000010000100010000000000000000000000
00000000001000000000000000100100000000100000100000000010000100000000000000000101010000000000000000000
00000000010000000000000000010100000010000000010000000100000000000000000000000010000001000000000000000
00100000000100000000000000000000000000000000000000100000000000000110000000000000000100000000000100000
00001000000000000000000000010000000000100000000000001000000011000000000000000000000000110000000001000
10101000000000001000000000010000000000010000000000000000001000000000000000000000000000000000000110000
00000000001000010000000000000001010000000000000010000000000000000000101000000000000000000000000000110
00100000000000000010000110000000010000000101001000100100000000010000000000000000000000000000001000000
01000100011000000000000000000000000000010000000000000000010000100000001000100000000000000000000010000
00000000100000000000100000000000100100000000000000000000000000000000000000000000000000000000000000000
00000000000000001000100000000110000000000001001000000000001000001000000000001000000000100000000000000
00000000000000000000000000001000100100010110010010000000100001010000100010000000000000001000001000000
00000000000000010000000000000000000000000000100000000000000000001000000000100000001100000000000010000
00001000000000000000000000000000100000000000000000000000000000000000100000000000000001000001000010000
00000001000000000000000000000000000000000100000010001000001000100000000100000010001000000011000000000
00000000000000000000000000000000000100000000000000000000000000000000000000000000000000000000100000010
00000000000000000100000100000000000000000000000000000000100000000000000000100000000000000011011000000
01000000010010000000000000000000010000000000010000000000000001000001000000000001000100000001000100000
00000000000100100000000000000000000100000000000001000000001010000000100000000110000000000001000000000
00000000000000000000000010000100000000000010000000000000000000000000000000001010000000000100000000000
00000010011000000000000000000000000000000000000100000000000100001000001100000000000000010000000000000
00000000000000100100000000000000010001000001000010000000000001000101000000100000000000000000011110000
00000000000000000000000000000001000000001000000000000000001000100000100000000000010000100100000001010
00100000000000010010000000000000010001000000000001001000000000000001000000001000000001100000000000000
00000000000000000000000000000000010000000000000000100000000000110000000000010000100001010010000001000
10000000001000100000100001000100000000000000001000000000000000000000100000100000000000000000000000100
00000000000000010000000000000000000000010000010000000000000000000000001000000100000000000000000000000
00010000000000000000000000000000000000000000000000000000000010101000000000000000000000000000001000110
00000000000000000000000000000000000001000000000000001000000001001000000000000000000000000100001000000
00000011000010000001001000010000000000000000001000000101000001100000000000000000001000000000000000000
00000000000010000000000000001000000010000000010000000000000001000100000000000000000000000000000000100
00010010010000001100000010100000000000000000100000000000000000000000000000000001000000000000100001010
00000000000100000000000000100000000000000000000010000010000100100000110001001000000000000000000000000
00000000000000001000000000001000000000010000000000000000000010000010000000000000000000000000101010000
00000000000010000001000000000000001010000000000000000000001110000000000001001111100000000001000000000
00000000000000000000000100000100011000010000000000000000000000000001000000000000000000100000000000000
11000100000000000000100000000000000000000000000000000000000000000000100000000110000000000000000000000
00000001100000001000010000000000000000000000000000000000100001000000000000000001000010000100000000000
00100100001000000010101000000000000000000000000000010000000010100000000110000000000000000000010100000
01100000000000010000000001000000000000001000000001010000000010101000000000000000000100010000000000000
00000000000100000010000000000001010000000000000000000000100000001000000000000000000000000000000000000
00000000000000010001000000010000000000000000001010000010000100001000010000000000000000000000000000010
10010000000001000000010001000000000000000000001000000001100001100000010100000000000000100000000000000
01000000001010000000000001000000000000000000000000000000000000000000000000000000000000010000000000000
00000010000001000000000000000000000000000000000010000000000000010000000001000000000000000000000000000
00010000010000001010000000000000000001000000000000000100001010001001000000000001000000000000000000000
00000000000000000000000000001000000100000001000001010000000000000000000000000000000001000000000010000
00000000010000000000000001001000000000001100000000100010000100010000000000100000000000001000000000000
00000000000000000001010001000000000000000010000000000000010000000000000000000000000000000000000010000
00010000000001100001001000000001000010000000000000000010100000000000000000010000001000000000000000000
00101000000000000010000000000000000000000000000000000011000000000000001001001000110000000000001000000
00010000000000000000000001000000000000000010000000000100000100000000000000000000000011000011001000000
01000001000000000100110001000000001000000000000000000000000000010000100001000010100000000000000000000
00000000000000000000000000000000000000000000000000000000000000000000000000000000000000000000000000000
