00011010000000000010001001011000000000000001100000100000010100101001100000010000000010001000000010100
01000010000000010100000000101100001000110000100111010010010000000010000000000000000011000101000000011
00010101111000000000100000110011000001100001000100001000100010011000000010100000001000000000000100000
00000001000000110110001000011010000010101000000100000000100010100000000000100000001000001000101001000
11000010000000101000001000010010000100101010010000000000000000000010001010100010001110011000000101000
00100010110110010000010110000000001101000000010000010100000001001100100001100111111100000000101000000
00010000001000100110000000101001000001001000000100000000000000100000000001101011000110001000000100001
10010101001000001000000101000001000100010011000010001010000001000000101000011010000000001010000010110
00001010011101000000101010000000000000100000000001000110010000110100000011010010001010010000000100110
10100010100010000100010101001000100000101001000001000001000100000000011001001001000100000000000000100
00000101010001100000100001000000000110000100010010010001101100000100100001010000000010000000000101101
00101000000010000000101110001110010000100000000010100010101010100100010000100010100001100000001010001
01010000000000010010010001100010001111101001100100000010001100000100001000100000010010010000000100000
00000101001000000000000000010010100000010010100100000101001000101000101000000100001001100010000010000
10000000011010000010100000101011100000000001000001001010010011001001000110000010110100000000001000010
00001101001000000000010010000100100011000110000010111010010000000100100000000000000100001110000001000
10100000001000001110000000000000000000000101000100001000111000100010000000100000110000000011010000010
11001100011000000001100000100000110000000000000001101001010101000101000010001000100001000010100000110
00001000010011000001000100100000000000000001011100000000111000101000001010001000010100000000010111000
10001000000100000001001010010011000000000110001010100010110011001000001100010001101100011010000000000
00000010000000000011001010100000001100010000100000010000000000110000100100110010000010000010000001011
01010110100000100000000100010001000001000010010000110000001000011000010010000010000011100000101000001
00010010000100001001000000010000000000001000001110010000100000001000001000000000111011000010010000000
01011000000000100001000000001110000000000000000000001000000001000101000001111000010100000101001000001
10000000011000001010101011010000000100110010101010001111100000000001000000111001000001011000000000010
00000000001011001100000111010000110101000000010001001000000100110100000110010010101010000010110010100
10010100000000000000001001000000000000110001000000010000000000001000000000010000011000011010000111100
11010001000001000111000010010100010001001101001011000110110100110100101010000110100100000100100100100
00001010001010100100000000010111101010001000010100010000011101001000000001001110000001101000000011011
00000011011000100000001000010000100101000001000001001100011000000001000100010100000011010010000011100
00000001000000100000000000111010000001100000101010001010001000001000011001000000010101000000100100001
01000111000000000100010000000010100100010010000010011101010100000101000000100000000001000001000110010
11000001000110010000000000000101100001010000100000000000100001100011010001000001100000000010010010001
00000011110001101110000100000000001000010000100100001001000000000000000010001000000000100110010100001
00001100100001010010001000011001000001000010000100001101101010100101001010001110000100000101111000010
10100100101000000000010100001000110000001001101000100001010001100000000100000100000000100010000000100
01100000110000100101000001001000100010100000000000101000000000010110000000001000000000001100010000000
10001000000000000000100000000000001000001000010001001001000001001000100011100000010000000001100100100
00100000000010000100100100010100000010010010000100000000001011010100010000000000000000000100001101010
00110000100110010100111010000001000001100010010000000001000000000000111000000000101000010000000110001
01011000000001001001001000011010000100100000100000010100000000100100000010010000010101110000110000000
10111011000100100001101000010010110100000001000010100000000000001101001010010100100000010100001001010
00011000000000000000110010010000000010000000110011001000000001111001000010000110000010000000010001000
00010001001101001100000100100000010010000001010011000000000001001100100101100000000000000000100000001
11000011010000000000110110001000000000010001101001100111101000010100000101000110001001000000000110000
00010000010110010111100001101000101100011000000010000100001000100100001001001010001010001100000000000
00100011000000001000000100000001110001100010110001001000000010100001000100001000000110100110000010000
00001010010001001000100000100000100000001110001100100101000000110001001100100011001000000000000100000
10110000101101110000000000000000000000010000000010101000001001100110100000000100110001000010010000010
01000010000000010001100110001001000001000001100001100000001010000000100010010001000100000000001000001
10000000001101010111101010000000001010101000010001000000100010010000000000010000010000000000000111010
10101001101101001101000000000000110111010010000100011000001100100000000010000100010000010110100000010
00000001000000111001000010000000100010001100000000001000000000101101001000000000000000100101000001000
00100000000000010000000000010010101010110010001010001000010101001001001101101001000101010000100000000
00101110000100000000100011000001100011000000001000000000100000000000100000001100111000000000101001000
00000000000100000000000100010100000000000000010010100100000000000101001000000001010001010000100001101
00010000010100000001111010000100010011010000001000000010001010000100000000001010001000000001100010001
00100100010000101000010001010011110000010110011000010010000100100011000001010000000100100001000000000
00000000010001110000100000001000100000100101100010000011000000011010011001100000000110000100010110000
10000010000010000010000001000010000001000011000101000110000110001001011000001000010000000001010000000
01000100010100000010011010010000100100100000000000000000001000001010000011000000010011000001001011111
10000010001100001000010000001010100010000100010000010000000000000111001000001010001010010001100010010
00010000101000001000001001001010110110001111001000000010000100000101000111001000100101001000000000010
00001000000101000110100000100000000000000000000001101000100010000000000000110110010010011010001000000
00000000111011001000001001101000000010000010000000010111001000100110000000010000000001001000000001010
00011101101000010111001100001001010000110001100000000000000000010110010010100000000010000110000100010
00000101000110100010000001000000100000000001101000000100000000010010010100000110111010000000000000000
10000000000001101001000001001000100111000000100010000001000000010010000100001100000001000000101000110
10000000001000000000000000000000000100111000000001000010100000100000000000000111001111100000010011000
00010000110010000100000100000000000000010010000000100000010001011001110100101000000100000010000000110
10101111100010000101010010001000001000000000100100000000001101000000000000000000000010000101100010111
00000010000001010011000110000000010001001100001000000000001100000001000001000010010000000010000101100
11011000100100100101000100011000000100000010001000000000000001010010000000000100010000101001000000010
00000000100000010100000111000110001001100000010000100001000100010110100000001000110001001000000000000
10000000001001010000000000001000010000100010010000110000000010101101010000000100000000110000000001010
00010100100010110000001001001000101011000100010100000000000110010011011010010011001000010000100111000
00000001001000000100000000100110000101001000000000010100101010000000100001100000000000000010001001001
00000000100010000010001010010010100010000111010001000010100001000000011010001000000000001111000110110
00110000000000000000000000100110011110010000001011100000000000000000001010010000000001000000100000101
00000000001000010010100010110000000100010000000010001011000110000001001100010001101111010010000100100
10000000010000101000111011010100000000100100000001000100000010110000000100000001000101100101011000000
11011000000011100000010100010000000000110000001000001000011011000000101000000000000000001010000000100
00000000100000000011000000010011000000000000000010000010010110000000001010111001000010000001000000011
10000001001010011000001010111011100000100001000010010001100000000000100010001000011000000001000000101
00100000000000000101000100111010000000000000100011000000000000000000101111001000000010000001010101100
00010101011110010101110001010000000000000101010000001101100000010001000100000000011000000011100101010
00000001101001100000000010010001000001010100011001001000000100000010001100000000000100000011100010000
01000010001000001010100100010000000000000100000000000000000000101000001100000000000001000000000000010
00000000100000010001100001010011110001000000000000000010000001000000011101001100000011000000000000001
00000000101001000000000000000101101000100000000010001101000000010000100000000001001000001000011100010
00000010010000010000100000001010000000000100110001000000011010000001101100100101000000010010100001101
01011100001010000000100000000000001001010100001100100100000000001001010010010000000001001000000000001
10010001000100001010000000011000000000010000100010000000010010010001100101010101110000100000001001000
00000100000000001000100000010000101000000000010001000000000000000000000100000000000000100100000000000
00101000000110000100000000000100100000100000000000000100010010000100000010001000000000011000110111100
01000000010000000000100001100100001001000001010000100001000000010000001000010000000010110000000001001
00010100000110000110101000100000100000001000000000001000000111010000001010101000000001000000101010100
00001110100000000000000000101000000110000001100000000010001001000011100110001000100000001001010100000
00000000000000000100000010000001000101101001101010100000100000010000000011000101100100000111001000100
00110100001010100010000100000001011011100001100010000000000011010000000100000000100000110010110000101
10001010100100000001001001000010100101000000001100001100000000000001011000100010001100000010110010100
