00100000000100110101100010000010100010100010000011000000001010100000000000000000000001000000101100100
00000000010001010100000000001000100000010000001100000010000000101000000010111001000010000000010000000
00000010010000000010000011000101100010000010011000000011010000010010100100000000100100100000010110000
11001000100010100001001001001001000000010100100001110100110000101011001000100100100100001000101100000
01000010000000000100000000011000111001101110001001100010000010111001000000000010100000011000001000001
00000000100100001111000000001000000110011010000001000000011000000000001001001010100000001001110101100
00011001000110000000000110001100000000100011001110110101000000111000100000100000101001000011010011010
00101000000001000011000001101001000000010001001000001000000000000000101000100000000000000011100100000
00001010000000000010000000000100000010101110001100101001000001000001100000000000001000000010000000110
10100100010000000000000010000010010010001101001101000111000010001000100000100000000001000000111110000
00010000010000101001001100010000100000001010011000000111011000101000001100010110100010000001101001010
00001000000001010001000001001000010000100000000001010010000000001000000111101100001100000100010000000
01000100000000001000000110000000000101100100110100000000000010110000100001000001000001000000001000001
01100000001100001000000011000100010000001000000010000010000000000010000010000010011110000001010001100
01000000011101000100000011000000000110110000100000001100010011000100000000010000001000010000000000000
00000011000000010000010010000000110010100000100101010101010010000000110101100010100000100001000010000
00000110000000001101110000011110001101100000000000001000000011010000100000010010011010000010011110001
00100111010100000000000100110100000000001000010001000010000001000101001001000100100000000001000100100
10000000010001001000001100110000100100100100000000100100000100110000000011001010001010000010000000100
00000000100011010000000000100110100010110010001000111000100100000000001000001100000011100001100000000
10101000010001100010100001101101100110000001000000110000001000100000101101010010000100000000000011100
10001000000101000100000001000010000000111100000010100000100000000001000100100010101000000100000110100
10010001011000110001000100010001000100001000010000001000000000100110001000001000000001000001000010101
10100010100001000100001000001000000000000000010000000001001100100000100000000000000100100000001110000
00000000101101000010010010101001110011010000000001011010010000010100000101100000000010000000101001000
00000010100000001000001110010100000110101000000001110010100000010000000011001010101010010000000100000
10100101000010100100010100001000001000101000000001010000100000000101010000100100100000011000011011110
00000010000010000000000000000100100000101001011000100110000000001000011000000110000001001000001001100
01000010001000000010100000000101001001101000111000001000000000000001001101000000110000001100000001101
00000010001000001100000001100100100000000100000101000010001100110000010100000000001010000000000000100
00000011000000100011001011010001101111110010100001001000001111000100000100000000001011100000010010000
00001100000010010001110101010100000000000001000001000010000100010000101000000000100011010000010001000
00100000100000010000100010010000010000000001100000000100001000000001100100010100001010010000100010000
00100000000000000001000011000101100011011000100001100001100001000110000000001100001001000000101101100
01100000101000000100000100110110000010010001001001001100010000100100000100000000000100000000000000101
00010000000000011000101010000000010001000000010001000000010100000000010000000101010011100001101010100
00001100101000000001000000000110001010101000101101100010100000001011001010100000100000101000001000000
01000000001000100011010000000000000001100000010001000000010000100000000010000100100000100001111000100
00100000100001100110010000000101110010010101001110100001010000000100011000001000010100110000000110100
00010000001001101110000000001001101110010010100000000000111010110110000000100001000100000000000000100
10001000010000000000000000001100100110000000110010011000000001111100000010100000110100000000000010011
00110011000001000100100000001000000010101000001000000100011000001001001011100110000000000000000000001
10000001000000001100011001000100000010000000001001000101001110101001100000100000101101001000111000111
00001100001000000000100000000000000000000000000000110001000010101010000100100000101010100000001000000
10011000000001001000010000000000000010100001100000000010000010001100110001000000000011010100110000000
00100000100100000000000010000100011001000010000010000000001000010000001001000110011010001000100110000
10000000000100000100000000001100000010001110000000100110001001000000001100010100100000000000000100100
00000000000100011000111100000000010001001010010100011100000000000000001010000000101000011000010100100
00101000010000011010000100100010000011001000110100001000001001011110000000000000110101100001010000100
01100000001000001001001110010000110000101000101110000000101000000000000000010000100011000000000000000
00010010001000100000010010011100001000110010001001001000001001000000010010110001000001001100100011000
00000010000000001100001000011010111110010000100000010001000101010000001000100000111100010110000000000
01100010010100100000000000000000100101010000001000000000000011001000000000000000001000100000000010000
00100011001110100110011010000011011001001100001010001011100001000000000000000001000010100000000011010
10000110010000001000100100010000000000010011100000000000000000000010000010000100010100001000000010001
00000000000001000000000101100000010100111000000000000010100000100001010000000010001010001010000100101
00000000000000000010111010000000100000010100000100000000000000001001011010100011001001000100000100010
00000000100001000001010000010001111100001000000000100000000100000000010001010000000000001000000001000
01001000001100001100001000000000001100000000010100110000001101000000010000000011100000000101100000000
00100000000000100000001001010010000000000001100000111000000110100000000000010100000110000000000011100
01011001000000100100000101100001011000101001101000100000001001100000001000010000000001110010001000000
01100000000101000010010001010000011000000000000100100101000001001100100000000000011001000001010000000
00010000000010001000001010011010000000000011000010010100100000000000000000000011000010000010100000010
10000000100000100001000010010001011000001001001000000000000000010000100000000011000001100000100010010
00100000000100000010000010110000010000000000000001011000000000001000100011100010101000100000011000001
00100000101010000000100000100100010010000000001110000101100100011000110000100100100000000000001000000
00000100100000000001000000010010100000000000100000010100000001000010001000000100000100000010000001000
01000000010100101000000100000001100000001101000001001000001000000000000000100100000111000000000000101
00001000000100010100000100010000010010010000001000000000100011101000001100001100101010110000001000000
10100000000000001010101000100111000100010000010001000111100000000000110000000000111110101000000110101
00001000010010000010110010000000010001100011000001010001000100011001010111001000000000100110110000110
00000000100011000010000000110101011011100011010100100001010000010000001010010001000001100000100000000
10000100000000000010110001000010000000001001010000000110000010000001111000000000000001000100100110010
00101100000001001110000000000010011010001100110001000000100000000100101010100000000100011000000011100
00111000010110110001110010010000001000000000100000000101101000100100001001001000000010000011000000000
11000010011000000000100000101110000111000101000000011010100001100000010000110010000010101001010001000
01100100010001000010100000010011000110000000001001011000000000000000010000010100001000000010010000000
00000100000010000000001011001000010100010000100010001000000000010000100000100000001101001101111000000
10000010000000100110001011000100000010010000010100000100101010000001111001000000000000000000000001000
00000001011011100010011000000000110010000101000010000000000001000010000001000010001010010100000001000
00111100000000000001110000010100000000000010000000101001101000001000011000001110110100000000000000100
11110000001000100001000010001000100000000001100001100000100010000010010100010000000100000100000010010
00000010000000010100000001000100001000001001010111000000000000100110010110000000001001000010100000100
10100100100000000000001101001000000000110000000010000100110100000101000100000000000010000010000000000
00000000110000001100000000100010000001010100001110110000000100001010001000000010010101000000000001010
10010100010101000001000001101100010000000010000100000001000001010001100100101100100100000000000100000
00010010000001010010001000101000100000000010011000001110010111000000111100000000000000001000000010101
01000010000000100000001100000000000011010011100000011011000111100000000000001000101000100100011000000
10011000100000000010000100000010000011000000000010000000100001001100010001001110010000000100000000010
00001000001001000110010100011000000010001100001000000010001000000000010011100111110110000000100100000
00000000100100000010000100000100100110000100010010001001010010000000000000100000000100100000001011011
10000000000111010011110000000000000001110100010100001110010101000000000010000110010001110010000000010
11001100000100110010101000101100001110001011000000010000110000001011101000000000010000000001110010000
00000000000100000010000000100000000100110100000001010000010001000100111000000110001011000000100000000
10000100000000000011000001001110001011000000000000110000110001110000010110110010110000000001000000000
01000100000000001000110111100000101100011010001000010000001101100010000100000001100000000000000011010
01000000011001101010000000011100000000001010001000010010011100001001001000010000100000000000000101000
00000100000000011000100000000100110010000000100000100001000010001001001010000010000000010100010000000
00000110001000010010100010011010000101011001010001001000001010010010100001000001000001011010000001000
00000000000010011001110101010101000000000000000011100110000001001000100101000000000001000111000000000
01100101010101001000011000000011100000010101000010001110110001100000001000101111000000000000000110000
