00010001000010000000000000100000010000000000000000000000000000000100000000000000000100001000000000000
00010000000000000000000000000100000010010100000000000000000001000000000100000000001001100000000000000
00100000000000010100000000010000000000000000000000111000000000000000000000010000000000000010000010000
00000000000000000000000010000000000001010000000000001000000000000010101000000000000000001000000000000
10000001000001000000000001000000000000100000000000000000000010001000100000000000000000000000000000010
00000010100000011000000000000010000000000000000000000000000000000001000000000000000000000110100000000
10000000000000000100000000000000000000000000000000000100001000010000010000100000000000000000000000000
01000110000010010000000010000000100000000010000000000011000000000000000001000000000000100011000000000
00000010001000000000000100010000000000000000000110000000000000000000101100010001000010100100000001010
00010000000000000000000000010000100010000000010000000010000000000000000000000000000000000000000001000
00000000000000001101010000000001001000000000010000000100000000000000000000000110000000000000000000000
00000001000000000000000000100000000100000010010000000000010000000000000000000000000000000000001000000
00000000000000000000000000100000000000000000000000010000000000001000000000000000101000000000001000000
00001000000000000000000001000000000010000000000000000000000001000000000000000000000100100000000000000
00000000001000000000000000000001000000000010000100000100000000000000000000000000000010000010000000000
00000000100000000000000000000000000000000000000000100000100000010000100011000000000000000000000000000
00100000000001000000000010000001100000000000000000000000000000100000000000000000000000000000000000000
00000000000010100000000000000000000000000000000000010000000010000000000000000110000000000000000000000
00000000000000000000000000010000000000000000010010000000000000000001001000000000100000000010000000100
00000000000000000000000000000001100000000000010000000000100000000000000000000000000000000000000000000
00000000001000001000000000010000100000000010001000000000001000000000000000000001000001010000001000000
00000000000000010000001000000000000000001000000000000000000000000000000000000000010000000000000001000
00000100000000100000000000010000000000000000001001000000000000000000010000000000000000000000000000100
01000000000000000000000000000100000000000000100000011000000100100000000010000000000001000000100000000
00001000000000000000000011000000100001000000100110000000000000000000000000000000000000010000000000000
00000000010110100000000010000000000000000000001000100001000000001010000100000000000000000000000011000
00000000011011000110001000101000000000011000000000000000001010000000000000000000101000000000000001000
01000001010000000100000000010000000000000010001000000000000000010000010000000010000000000010000000000
00000000000100100000000000000000010000000000000100000100000010011000000110000000000000100000010001000
00001000000000001000010000000000000001100000000000000000000000001000100000010000000000100000000000000
00000001101100100000000000110000001000000000100000000000000000000010000000000000000100000000000000000
01000000000000000000000000010000000010000000000000000000000000001001000100000001010000000000000000000
00100000001000000000000000000000100000001000000000000000000000000001000000000000000000100000000100100
01000000000000000000000000000000000000101000000000000000000100000000000100000010010000010000000000000
00100001000001100000000000000001000000100000000100000000100000000000001000100000000000010100000000000
10000001000000100000110000000000000000100000000100010010000000000001000010000100000000001001001000000
00000000000000000000000000000010000100000000001000001000000000100000000000000000000000000001000000000
00010000100000000000000000000000010010001000000000001000000000100001001001000000000000000000000000000
00000000000001100000000000000000100000000000001000000101000000010000000000000010010010000000110100100
00000000000000011000000000000000010010000001000110000000000100010001000000000000011001000001000010010
00000000000000000000000100010000001100000010010000000000000000000000000010000000001000000000000000000
00000000101010000000000000100000000000010000100000001000100010000000000000100000000010000000000000000
00000000000000000100000001000000000100001000000000000001010000000000000000100000000100000000000100000
00000100000001000100000000000000000000100001000000001001000010000000000000000000001001000001000001000
00000000000010000000000000000000000000000000000100000000000010010000000001001000001000001100010000000
00000000010101000000000001010000000000000000001000000000010000000000001000000000000000000010000000000
00000000000000000000000000000000000101000000000010000000000000000000000001000100000000100000000000000
10000011001000000100100001000000000000000000000000000000000000000000010000100000000100000000000000000
00000000000000000000000001000000000000000001000000010000000010000000000000000000100000000000000000000
01100000000100000001000000000000000000000000000110100010000000000000000000010000000000001000010000000
00010000000000000000000001000000001000000000000000000001000000000000001000010100000000000011000000000
00000000000000000000011000000000001100000000000000001000000000011001000100000000000100000000000000000
01110100000000000000010010010001000000000000000100000000000000000000000000000000000010000000000100000
00000000000101000000000000001110001000000100000000000000000000100100000000000000001000000000110010000
00000000000010000000000010000000000010000100000010000000000001000000000000000000000001000100000000000
00000100000000000100010000000000000000000000000001001000000000000000000000000000000010000000000000010
00000000001100000000000100000100000000000100000000000000000100000000000000000000000000100000100000000
00000001010000000010000100000000000100000000001000000000000000000000000000000000000000100000001000010
10000000000000000000000000100100000000000000000000001001000000000000000000000000000000000010010000000
00000000000000010000010000000000100000100001000000000000000000000000000000001000001000000000000000000
00000000000000000000000010000000000000010100000000000001010000000000100000001000000000000000000000000
00000000100000000001000100000100000000000100000000000000000000011000000010100000000000010000100000000
00000000000000000100100000110000000000000100000100010000000000001000000000000000010000000000001000000
00000000000000000000000000000000100000010000000001000000000000100000000010000000000000000000000000100
00000100000000000000010100000000000000000000100000000000000010000000100000001000000000000000000010000
00010101010000000000010000000110000001000100000000000000000001000000101010100001000000000000000000000
00000000000000100101000000000000000000000000000000010010000001000000100000100000000000000000000000000
00000000010000001000000000100000000000000000000000000000000000000011000000000001000001000100000110000
00000000000000100000000110000100000100000000000010010000000000000010001000000000000000001000000000000
10000000000000000000010000000000000000000000000000000000100100001000001000000100000000000000001000000
00000000001000000000000000000010000000000000100000000010100000000010000000000000001000100000000000000
00000011000000000001000000000000000000100100000010000001000000000001000000000010000000100000000100000
00000000000000000000010000000000000000000000000000000000101010000000000000100000000000000001100000000
00000000000000000010000000010100000100000000000100000000000000000000000100001001000000000000000001100
00001000000000000000000000000000000010000000000100000000100010000000000000000000000000000010000000000
00000000000000000000101000000000000100000000000001000000100000000000000000000000000000000010000000000
00000000000010000000000000000000000000000000000000000000001000000000001000000101100000100000000000000
10000000000000000000000000000000000000000000000000000000000100000010000000001000100000001000100110000
00000100000010000000000100000100000000000000000000100000000000010000000000000000000000000000000100000
00001000000010000000000000000000000000010000000000010000000000000010000000100000000000000000000100000
00000000000000000000100000000000000010000000000100000000100010000000100000000100000000000000000010000
01000100000001000000000000000001000000000010100000100000000000000000000000000001000000000010010000000
00000010000000010000000001000000000000000000000000000000000000000000110000001000000000000001000000100
00000100000000000000000010000000000100000000000000000000000000000001000000000000000011100000100000100
00000000000001000000000000000000000010000000001100000000000000000000000010000010000100000000000010000
00001000000101000010000000001000000010000000000000001000000010000011000000000000000000000000000000000
10000000100000000010000000000010000000000000000000000000001000100000000001010000000000000000000000000
00000000000000000000000000000000000000000000000000000010110000100000000100000000100100100000001000000
11000101000000000000000000000010000000000000000000000000100000000000100000100000001000000010000000010
00000000000001000010000010000000000000000000000001011000000001000100000000110000000000000000001000000
00000011000000010000000000000000100100000000000001000000000000001000000100000100000000000000000100100
00000110000010000000000011000001000000000000010000000000001000000000110001000000000000000010000000000
00100100000000000010000000000010100001100100000000000000000000000000000000001000000100001000000000000
00000000000000100000001000100000000000000000000000000100000010100000100000000000000000000010010000000
01000011010001000000000000000000000000000010000000000000000000100001000000000100000000000011000000000
00000001000000000000000100000000001010001000000001000000000100000110000010001000010000000000000100000
10010000000000100000000000000001000001000000000001100100000000000100000000000010000000010100000000010
00000000000110000000000000001010000000000000100000000001100000000000000000000001000000000010000000000
10000000000000000000000000000000000010000000000000000000000000000001100000000000000000000100000000010
00010000000000000000000100010000000000000000000100001000000000000000000010000000000000000110000000000
00000000000000000000000000000000000000000000000000000000000000000000000000000000000000000000000000000
