00000000000000001000000100100000000000101000000000000001000000001010000000000000000000000000000101000
00000001101000000000000000000100000000100100000000000010001000000000000000000001000010000000000101000
00000001000000000000000100000000000000000100000000100001000010100000000001000000000000000001000000000
00000000000000010000110000000000000000000000010000001000100000000100000000000001000000000000011000000
10000000000000000010010000010001000001000100100000100000000000000000000000000001000001000000001000010
00000100000000000000000000100000000000000000010000000000000000000000000000000110000000011000000000000
00000100000000000001000000000000100000001000000000000000000000000001000000000000000000000000000010000
00100000000000000001100000000000000100000000000000010000000000010010100100001000000000000110000000000
00000000100000000000000000000000001100010000000000000000000000000000000010000000000000001000010000001
00000000000010000000010000100000000010000010000000000000000001000000000000011000000000000000000000010
00000000000000000000000000000000011000010100000000000000000110000000000000000000000000100000111000000
00000000100000000000001000011000100000010000000100000000000100000000000000000000000000010000100000000
00100000000000000100000000000000000000001010000100001000010000000100000000100000000000010000000000000
00000000000000000000001000010000001010001000010010000001000001000000000000000000000001000000000000000
00000000001000000000000000001000000000000000000000000100000000000000000000100000010110010100000000000
10000000010000000000000100000000000000010000010000001000000000001000000000000000000000000100000000000
00000000000000010000000100001100000000000100000000000000000000000000000000000000000000110000000000000
00000000000000000001000000010000000000000010000000000000000000001000000000000100000000000000001000000
00001001000000000000000001000000100000000000000000001000000011100001000101000000010100000000000000000
00010000000010000000010010000000000000000001100000000000000000000000000010100010000000000000001000000
00000010010000000000000000001000000000000000000100000000000000000000000000000000000000000000000000000
00100000000000000000000000001000000000000000000000000000000000000000000000000000000001000000000000000
10000000000001000100000010010000001000000000000000000100011000001011001001000000000000000011000100000
00000000000011001000000000001000000000010000000000001000011000000100000000100010000000000000000000000
00000000000000000000100000000000000000000000000000000001010000000000010000000101000001000000100000010
00000000000000000000000101000000000000010000000000000010000010000010000000001001000000100000000100000
00010000000010000000000000000000000000010010011100000000000000000000000000000010000001000000000000000
00000001000000000011000000100010000000000001000000001000000001001000000010000000000000100000011100000
00100000000100000010000000000000110100000001110000001000000000000000000000000001000000000000000000000
00001000000100000000010000000000010000001000010000000000000000000000000100000000001001000000010000010
00000000010100000000000000000000000000000000000000100000000000000010001000100010000000000010100000000
00000000000010000000000000000000000000000010000010000000000000000000000000000010000000000000000000000
10000100000000000000000010000000100110000000000010000000001000000000100000000100000000000000000000000
00010010000000000010000000000000000000000000000001010000000000000000000100000000000000000000000000000
00000100010000000000000000000000000000000011000000100000110000000000000000000000000010000000001100000
00000010000000000000010100000000000100000000000000001000000000010000000010000000000000000000000000100
10000000000000000000001000010000100000000010000000000000000000000000000000000000000000010000000000000
01000000000100000000000000000000001000000000001000000100011000000000000000000000000011000000000000001
00000000000000000000000000000000000000010000000000000000000000010000001000000000000101000000000100000
00010010000100000000000000100001001010000000010000001000000000000000000000100000000000000000000000000
00100000100110011000001000010000000000000000000000000010000000000000000000010011000000000000000000000
00010000000000000000000000000010000000000000000000100000000000000000000000000000000000000001000010100
01000001000000000000000010000000010000010100001000000001000000001000000000000000000000000000001000000
01000000000000000001000000000000000000010000000000000000000000000000000000000000010000000000000100010
00000001000110000000000000000100000000000000000000000000001000000100000000000100000000000000000100000
00010000010100000000010010000000000010000000000000000000000000000000000000100000000000000000000000010
00000000000010000000100000000010000001000000000000000011000000100000001000100000100000000000000000001
00000100000000000000100000001000000001000000000000000100000000000100000000000001000001000000000000000
00101000000000000010000000000000000000000000000000000000000000000000000000000000010100000000000010010
01000000000110000000000000000000000000001000000000000000100000000000000000000000001100000000000000100
01000000000000000000010000100000000000000000100000000110000100000000000000000000101000010100000010000
00000000000000000100000000000000000000001001000000100010000000001000100010000100000000000000000010000
00000010000000000000000000000010000000000000000001100110000000000000000000000000000000000010010000000
00100000000101000000000110000000000101001000000010001000000000000010001000000000000100000000000000010
00000000001010000000000000000010000000000000000000000000000000000000000001100001000000000000000010101
00000000000000000000000000000000010000000000000000010000000000010000000000000110000100000001001000001
00000000000001010000000000010000000000000000010000000000000000000000010000000000000000100100000000000
00000000000000000000000000001000000000001001000010001000000000000001000000000000010000000000000000000
01000000000000000011000000000000010000000000000001000000000100100000010000000010000000000000000000000
00000011000001100000000000000000001010000000000100011001000000000000000001000001000000000001010000000
00000000000000000000000000000100000010001000000000000011000010100000010010000100000000000100000000000
00000000010000000010000010000000000000000000000011000000000001000100010000001000000000000000000000000
00000010000000000000000000000000000100000000000100000000000000001000001100000000001000000000000000000
00000010100100000000010000000000000000000001000000000000000010001010000000000100000001000000000000000
00001000000001000010000000000000000001010000000010000100000000010000001000000001000000000000000001000
00000000000000000000000000000000000000000110100000000000000100010101000000100000010000000000010001000
00000000000000000000000000100000000000000000000001000000000100110000000010000000010000100100000000000
00000000110000101000000000000011000000001000010000000010001000000000000000010010000010000000000000000
00000000000000000001000000000000010100000100000001101000000000000000000000000001100000000000001000000
00000000100001010000000010010000000101000100000000000000000000000000000110000000100000000000000000000
00001000000000000000000010010000000010000000000001000000001000000000000000000000000000100000000000000
00000010100000000000010000000100000010000000000000000000000000000000000000010000000000001001000010000
00000000000000000000000000000000010000000000000100000010000000000000000000000010000100000000000000000
00000000000000000000000011000000001000000000000101010000000110000000000001000000001000000000001000000
00000000000000000000000000000000010100000100000000000100000100000010000001000000001000000000100000000
10000000000000000000000001000000000000000000000100000000000101000000010000000000100000000001010000000
00000000001100100000010000000000000000000101000000000000000000000000000110000000000000000000000100000
00000000000000001000000000100000000110000010000000000000000000000001000000001000000000000001000000000
00000000001000000100000000001000100000000000000000000100001000000000001000000001000000000000000000000
00000000000000000100000000000000100000000000001000010000000000000000000000001000100000000000000000000
00100000000000000000000000001000000000000000001000000000000110000000000100000000000000000000000000000
00000000000000001000000000000000000000000000000001000000100000000000000000000000000000000000000000000
00000000000000000100000000100000000010000100000000010000100000000000000000000001000000000010000000000
00000000000000100000000000000001000000010010001100001000010000000000000010000000000000000010000000000
00000000010000000000000000000000000010001000010000100000000110000000001000000000001101000000100001000
00000000000000000000000010000000000000000000000010000000100000000000000000000000000000000000000000000
00010100001000000000000101000000000000000100000000000000000100000000100000000000100000000000100001000
00001000010000010000000000000000011000100000100100000000000000000000000000000000000000000110000000000
00000100000001000000000010000000000000010000001000000000000000000010000100001000000000000000000000000
00001000000000000000001011000000000000000000000000000010110000000000000000000000010000000000100000010
01000000010010000001001000000000000000000000000000000000000000000100000100110010000000000000000000010
00010000000100100000100010000000000001000000000000010010000000000100000000000000000000000000000101100
00000000100000000000000100000001000100000010010000000010010000000000000000000000011000000000000000000
00000000000100000000000000000100000001000000000000000001001000100000000100000100000000000000000000000
00000000000000000011000000000000000000000000000011001000000100100000010000100000000000000000000000010
00000000000000000000000000000010001000000100000000000010000001010000000000000000000000000000000000000
00000000000010000001000000000000000000001000000000000000000000100000000000000000000001000100000010000
00000010000100000001001000000000100100000000000000000000000100000000000000000000000000000000000000000
01000000000000000000001000000000001000000100000000000000010000000010000001000000000000000000010000000
00000000101000001010000000110000000000100000000001010001000000000000100000000000000001000000000000000
00000000000000000101000000000000001000000000000000000100100000000000000000000000010000010000110000100
